pan,name,date,rosette,cauline,days
1,A1-1-1,7,11,6,46
1,A1-1-3,28,7,4,37
1,A1-1-4,28,7,4,37
1,A1-1-5,24,10,4,33
1,A1-1-6,23,6,3,32
1,A1-1-7,27,9,4,36
1,A1-1-8,8,14,6,47
1,A1-2-1,23,5,3,32
1,A1-2-2,23,8,5,32
1,A1-2-3,30,12,7,39
1,A1-2-4,29,7,5,38
1,A1-2-5,9,19,6,48
1,A1-2-7,27,10,4,36
1,A1-2-8,2,12,7,41
1,A1-3-1,4,13,7,43
1,A1-3-2,30,7,4,39
1,A1-3-3,2,9,5,41
1,A1-3-4,23,8,3,32
1,A1-3-5,16,5,2,25
1,A1-3-6,20,7,2,29
1,A1-3-8,3,14,8,42
1,A1-4-1,21,4,2,30
1,A1-4-2,22,6,5,31
1,A1-4-3,22,6,5,31
1,A1-4-4,27,7,4,36
1,A1-4-5,25,6,3,34
1,A1-4-7,16,5,2,25
1,A1-5-1,20,5,3,29
1,A1-5-2,25,6,2,34
1,A1-5-3,9,16,7,48
1,A1-5-5,27,5,3,36
1,A1-5-6,16,4,3,25
1,A1-6-3,4,13,6,43
1,A1-6-5,21,5,2,30
1,A1-6-6,2,7,4,41
1,A1-6-7,25,6,3,34
1,A1-7-1,7,17,8,46
1,A1-7-2,21,7,4,30
1,A1-7-3,4,8,5,43
1,A1-7-5,16,5,4,25
1,A1-7-7,29,9,4,38
1,A1-7-8,11,11,6,20
1,A1-8-2,25,11,4,34
1,A1-8-3,18,5,2,27
1,A1-8-5,25,10,5,34
1,A1-8-7,27,7,2,36
1,A1-9-2,27,9,5,36
1,A1-9-3,27,7,5,36
1,A1-9-5,24,7,4,33
1,A1-9-6,20,5,2,29
1,A1-9-7,16,4,4,25
1,A1-9-8,21,6,2,30
1,A1-10-2,16,5,3,25
1,A1-10-3,20,4,2,29
1,A1-11-1,7,9,6,46
1,A1-11-3,25,4,3,34
1,A1-11-4,24,7,4,33
1,A1-11-5,18,5,2,27
1,A1-11-6,27,5,2,36
1,A1-11-8,28,6,4,37
1,A1-12-1,28,10,4,37
1,A1-12-2,19,5,2,28
1,A1-12-3,27,12,7,36
1,A1-12-4,24,7,3,33
1,A1-12-5,18,4,2,27
1,A1-12-6,21,7,4,30
1,A1-12-7,1,6,4,40
1,A1-12-8,29,9,5,38
1,A1-13-2,24,9,6,33
1,A1-13-3,3,6,4,42
1,A1-13-4,25,7,5,34
1,A1-13-5,21,7,4,30
1,A1-13-6,18,5,4,27
1,A1-13-7,20,5,2,29
1,A1-13-8,20,6,3,29
1,A1-14-2,16,6,2,25
1,A1-14-3,24,10,9,33
1,A1-14-5,22,7,5,31
1,A1-14-6,19,6,3,28
1,A1-14-7,22,4,3,31
1,A1-15-1,29,7,5,38
1,A1-15-2,2,9,5,41
1,A1-15-3,25,8,6,34
1,A1-15-5,20,6,5,29
1,A1-15-7,17,4,3,26
1,A1-15-8,16,5,2,25
2,A2-1-1,21,7,4,30
2,A2-1-2,2,9,8,41
2,A2-1-3,16,4,3,25
2,A2-1-4,4,12,8,43
2,A2-1-5,17,5,4,26
2,A2-1-6,22,7,3,31
2,A2-1-7,3,8,6,42
2,A2-1-8,16,5,2,25
2,A2-2-1,20,8,5,29
2,A2-2-2,15,4,2,24
2,A2-2-3,18,5,2,27
2,A2-2-5,28,9,5,37
2,A2-2-6,21,8,6,30
2,A2-2-7,19,8,5,28
2,A2-2-8,27,7,11,36
2,A2-3-1,23,8,4,32
2,A2-3-2,22,8,3,31
2,A2-3-4,21,7,3,30
2,A2-3-5,20,6,5,29
2,A2-3-6,20,7,5,29
2,A2-3-7,21,8,5,30
2,A2-3-8,20,7,4,29
2,A2-4-1,22,5,5,31
2,A2-4-3,21,9,6,30
2,A2-4-6,25,5,3,34
2,A2-4-7,17,5,2,26
2,A2-4-8,22,10,5,31
2,A2-5-1,27,9,5,36
2,A2-5-2,19,5,3,28
2,A2-5-3,25,8,5,34
2,A2-5-4,22,6,3,31
2,A2-5-5,20,5,3,29
2,A2-5-6,20,5,3,29
2,A2-5-7,19,4,2,28
2,A2-5-8,27,7,4,36
2,A2-6-1,1,11,5,40
2,A2-6-2,21,8,6,30
2,A2-6-3,18,5,2,27
2,A2-6-5,19,6,3,28
2,A2-6-6,23,5,4,32
2,A2-6-7,18,6,5,27
2,A2-6-8,27,9,5,36
2,A2-7-1,17,5,3,26
2,A2-7-2,23,8,5,32
2,A2-7-3,24,6,3,33
2,A2-7-4,24,8,5,33
2,A2-7-5,28,13,8,37
2,A2-7-6,21,7,4,30
2,A2-7-7,14,4,2,23
2,A2-7-8,20,5,3,29
2,A2-8-1,21,8,5,30
2,A2-8-2,23,7,5,32
2,A2-8-3,23,8,6,32
2,A2-8-4,22,5,4,31
2,A2-8-5,30,9,4,39
2,A2-8-6,27,14,7,36
2,A2-8-7,29,9,5,38
2,A2-8-8,27,9,6,36
2,A2-9-1,19,4,3,28
2,A2-9-2,27,13,4,36
2,A2-9-3,14,4,2,23
2,A2-9-4,18,6,2,27
2,A2-9-5,24,9,4,33
2,A2-9-6,28,9,6,37
2,A2-9-7,17,5,2,26
2,A2-9-8,28,7,5,37
2,A2-10-1,23,9,5,32
2,A2-10-2,27,7,5,36
2,A2-10-3,25,6,4,34
2,A2-10-4,22,6,4,31
2,A2-10-5,20,4,2,29
2,A2-10-6,28,6,3,37
2,A2-10-7,15,4,2,24
2,A2-10-8,24,9,4,33
2,A2-11-2,27,11,5,36
2,A2-11-4,28,14,7,37
2,A2-11-5,20,5,2,29
2,A2-11-6,20,6,3,29
2,A2-11-7,20,7,6,29
2,A2-11-8,20,5,3,29
2,A2-12-1,23,6,3,32
2,A2-12-2,27,8,6,36
2,A2-12-3,24,5,3,33
2,A2-12-4,2,7,5,41
2,A2-12-5,25,7,5,34
2,A2-12-6,24,7,4,33
2,A2-12-7,21,5,3,30
2,A2-13-1,15,5,3,24
2,A2-13-2,20,4,3,29
2,A2-13-3,24,10,5,33
2,A2-13-4,22,9,5,31
2,A2-13-5,20,4,3,29
2,A2-13-6,25,8,6,34
2,A2-13-7,23,9,4,32
2,A2-13-8,16,5,2,25
2,A2-14-1,22,6,5,31
2,A2-14-2,22,8,6,31
2,A2-14-3,19,6,5,28
2,A2-14-4,8,14,8,47
2,A2-14-5,4,11,6,43
2,A2-14-6,20,4,3,29
2,A2-14-7,1,16,11,40
2,A2-14-8,2,15,6,41
2,A2-15-1,21,10,5,30
2,A2-15-2,29,16,7,38
2,A2-15-3,25,9,5,34
2,A2-15-4,30,10,4,39
2,A2-15-5,27,9,5,36
2,A2-15-6,16,5,2,25
2,A2-15-7,19,5,3,28
2,A2-15-8,23,6,3,32
3,A3-1-1,24,8,5,33
3,A3-1-3,24,10,7,33
3,A3-1-4,28,9,5,37
3,A3-1-5,20,6,3,29
3,A3-1-6,18,6,4,27
3,A3-1-7,3,17,8,42
3,A3-1-8,24,10,5,33
3,A3-2-1,22,8,5,31
3,A3-2-2,28,8,7,37
3,A3-2-3,29,9,5,38
3,A3-2-4,24,6,3,33
3,A3-2-5,28,6,4,37
3,A3-2-7,28,7,4,37
3,A3-2-8,27,9,4,36
3,A3-3-1,17,5,3,26
3,A3-3-2,1,12,7,40
3,A3-3-3,18,5,3,27
3,A3-3-4,24,6,4,33
3,A3-3-5,1,7,4,40
3,A3-3-6,27,10,5,36
3,A3-3-7,25,6,3,34
3,A3-3-8,3,11,9,42
3,A3-4-1,20,6,4,29
3,A3-4-2,22,5,4,31
3,A3-4-3,3,9,5,42
3,A3-4-4,24,9,3,33
3,A3-4-6,24,9,5,33
3,A3-4-7,28,9,4,37
3,A3-4-8,25,10,5,34
3,A3-5-1,3,9,4,42
3,A3-5-3,2,8,4,41
3,A3-5-4,22,6,4,31
3,A3-5-5,28,6,4,37
3,A3-5-6,27,6,3,36
3,A3-5-7,28,4,2,37
3,A3-5-8,3,16,3,42
3,A3-6-1,28,9,5,37
3,A3-6-2,25,7,3,34
3,A3-6-3,28,12,6,37
3,A3-6-4,24,8,3,33
3,A3-6-5,20,5,2,29
3,A3-6-6,25,6,3,34
3,A3-6-7,28,5,3,37
3,A3-6-8,25,9,5,34
3,A3-7-1,20,7,5,29
3,A3-7-2,18,5,2,27
3,A3-7-3,20,8,4,29
3,A3-7-4,21,8,4,30
3,A3-7-5,29,9,4,38
3,A3-7-6,28,7,3,37
3,A3-7-7,22,4,3,31
3,A3-7-8,28,9,4,37
3,A3-8-1,27,11,4,36
3,A3-8-2,17,5,3,26
3,A3-8-3,28,10,7,37
3,A3-8-4,19,5,2,28
3,A3-8-5,23,12,5,32
3,A3-8-6,25,8,4,34
3,A3-8-7,27,9,5,36
3,A3-8-8,27,11,5,36
3,A3-9-1,23,5,4,32
3,A3-9-2,27,9,5,36
3,A3-9-4,22,5,2,31
3,A3-9-5,28,9,5,37
3,A3-9-6,21,7,4,30
3,A3-9-7,25,10,5,34
3,A3-9-8,30,7,4,39
3,A3-10-1,21,7,4,30
3,A3-10-2,21,5,3,30
3,A3-10-3,28,6,3,37
3,A3-10-4,23,7,3,32
3,A3-10-5,24,6,4,33
3,A3-10-6,21,5,3,30
3,A3-10-8,21,7,4,30
3,A3-11-1,27,10,5,36
3,A3-11-2,19,6,3,28
3,A3-11-3,21,5,3,30
3,A3-11-4,27,11,5,36
3,A3-11-5,22,8,4,31
3,A3-11-6,6,21,7,45
3,A3-11-7,21,6,3,30
3,A3-11-8,28,10,5,37
3,A3-12-1,21,4,3,30
3,A3-12-2,28,10,5,37
3,A3-12-3,20,5,3,29
3,A3-12-4,30,7,5,39
3,A3-12-5,18,5,2,27
3,A3-12-6,21,8,5,30
3,A3-12-7,23,7,4,32
3,A3-12-8,25,10,5,34
3,A3-13-1,27,6,4,36
3,A3-13-2,25,13,6,34
3,A3-13-3,22,7,5,31
3,A3-13-4,25,8,5,34
3,A3-13-6,5,9,5,44
3,A3-13-7,30,10,6,39
3,A3-13-8,28,8,4,37
3,A3-14-3,27,7,4,36
3,A3-14-4,29,10,5,38
3,A3-14-5,20,6,3,29
3,A3-14-7,21,6,4,30
3,A3-14-8,27,9,4,36
3,A3-15-1,17,4,3,26
3,A3-15-4,4,9,5,43
3,A3-15-5,4,10,5,43
3,A3-15-6,28,9,4,37
4,A4-1-1,22,7,4,31
4,A4-1-2,1,10,5,40
4,A4-1-3,28,10,5,37
4,A4-1-4,27,4,3,36
4,A4-1-5,20,6,2,29
4,A4-1-6,28,4,2,37
4,A4-1-7,2,13,4,41
4,A4-1-8,3,9,6,42
4,A4-2-1,28,4,2,37
4,A4-2-2,4,8,3,43
4,A4-2-4,28,8,6,37
4,A4-2-5,22,8,4,31
4,A4-2-6,23,8,3,32
4,A4-2-7,29,11,5,38
4,A4-3-1,19,5,2,28
4,A4-3-2,25,10,7,34
4,A4-3-3,20,5,4,29
4,A4-3-4,27,9,4,36
4,A4-3-5,20,5,3,29
4,A4-3-6,21,8,3,30
4,A4-3-7,25,8,4,34
4,A4-3-8,29,9,3,38
4,A4-4-1,22,8,4,31
4,A4-4-3,29,9,5,38
4,A4-4-4,17,5,2,26
4,A4-4-5,20,4,2,29
4,A4-4-6,24,7,4,33
4,A4-4-7,24,9,6,33
4,A4-4-8,19,5,3,28
4,A4-5-1,5,17,7,44
4,A4-5-2,3,9,6,42
4,A4-5-3,1,7,6,40
4,A4-5-4,23,8,7,32
4,A4-5-5,22,5,3,31
4,A4-5-6,25,10,5,34
4,A4-5-7,27,4,4,36
4,A4-5-8,2,11,5,41
4,A4-6-1,28,8,5,37
4,A4-6-2,28,13,7,37
4,A4-6-3,21,5,3,30
4,A4-6-4,29,12,8,38
4,A4-6-5,21,6,5,30
4,A4-6-6,22,4,3,31
4,A4-6-7,25,7,4,34
4,A4-6-8,1,8,5,40
4,A4-7-1,25,8,4,34
4,A4-7-2,28,9,6,37
4,A4-7-3,29,9,4,38
4,A4-7-4,2,11,6,41
4,A4-7-5,24,7,5,33
4,A4-7-7,28,13,6,37
4,A4-7-8,29,7,2,38
4,A4-8-1,19,5,3,28
4,A4-8-2,22,8,5,31
4,A4-8-3,5,14,7,44
4,A4-8-4,20,5,3,29
4,A4-8-5,24,6,4,33
4,A4-8-6,28,10,4,37
4,A4-8-7,5,17,9,44
4,A4-8-8,28,13,5,37
4,A4-9-1,4,18,7,43
4,A4-9-2,25,7,5,34
4,A4-9-3,3,8,5,42
4,A4-9-4,27,10,5,36
4,A4-9-5,1,8,5,40
4,A4-9-6,29,12,6,38
4,A4-9-7,24,4,3,33
4,A4-9-8,27,8,4,36
4,A4-10-1,27,9,5,36
4,A4-10-2,25,9,5,34
4,A4-10-3,29,9,6,38
4,A4-10-4,25,8,5,34
4,A4-10-5,24,8,4,33
4,A4-10-6,21,4,2,30
4,A4-10-7,28,12,5,37
4,A4-10-8,22,5,3,31
4,A4-11-1,21,5,2,30
4,A4-11-2,25,5,3,34
4,A4-11-3,27,9,5,36
4,A4-11-4,20,4,3,29
4,A4-11-5,9,16,8,48
4,A4-11-6,17,4,2,26
4,A4-11-7,27,9,5,36
4,A4-11-8,21,6,3,30
4,A4-12-1,22,7,4,31
4,A4-12-2,29,8,5,38
4,A4-12-3,28,11,7,37
4,A4-12-4,22,5,3,31
4,A4-12-5,27,12,6,36
4,A4-12-6,23,9,5,32
4,A4-12-7,22,8,5,31
4,A4-12-8,20,5,3,29
4,A4-13-1,24,6,3,33
4,A4-13-2,24,8,4,33
4,A4-13-3,3,11,6,42
4,A4-13-4,29,9,6,38
4,A4-13-5,29,11,5,38
4,A4-13-6,19,5,3,28
4,A4-13-7,26,10,5,35
4,A4-13-8,25,9,6,34
4,A4-14-1,25,6,4,34
4,A4-14-2,23,4,2,32
4,A4-14-3,23,5,4,32
4,A4-14-4,27,6,4,36
4,A4-14-5,20,5,4,29
4,A4-14-6,23,8,5,32
4,A4-14-7,24,7,4,33
4,A4-14-8,23,4,3,32
4,A4-15-1,21,8,5,30
4,A4-15-2,17,6,3,26
4,A4-15-3,24,8,4,33
4,A4-15-4,19,4,3,28
4,A4-15-5,28,5,2,37
4,A4-15-6,23,8,4,32
4,A4-15-7,27,10,4,36
4,A4-15-8,24,6,3,33
5,B1-1-1,18,4,2,27
5,B1-1-2,29,12,6,38
5,B1-1-3,19,5,4,28
5,B1-1-4,3,7,2,42
5,B1-1-5,1,12,7,40
5,B1-1-6,9,14,6,48
5,B1-1-7,4,9,5,43
5,B1-1-8,24,6,2,33
5,B1-2-1,25,7,5,34
5,B1-2-2,27,12,6,36
5,B1-2-3,29,9,6,38
5,B1-2-4,26,8,4,35
5,B1-2-5,22,7,3,31
5,B1-2-6,5,16,8,44
5,B1-2-8,28,5,3,37
5,B1-3-2,27,9,5,36
5,B1-3-3,29,7,4,38
5,B1-3-4,24,9,4,33
5,B1-3-5,23,6,3,32
5,B1-3-6,17,5,2,26
5,B1-3-7,23,8,3,32
5,B1-3-8,7,16,7,46
5,B1-4-2,21,6,4,30
5,B1-4-3,28,10,7,37
5,B1-4-4,24,7,3,33
5,B1-4-5,23,6,4,32
5,B1-4-6,25,8,5,34
5,B1-4-7,1,14,7,40
5,B1-4-8,23,5,5,32
5,B1-5-1,28,9,7,37
5,B1-5-5,28,7,3,37
5,B1-5-6,2,8,4,41
5,B1-5-7,2,6,6,41
5,B1-5-8,30,6,4,39
5,B1-6-1,23,5,2,32
5,B1-6-2,16,5,2,25
5,B1-6-3,29,8,6,38
5,B1-6-4,1,6,5,40
5,B1-6-6,7,12,7,46
5,B1-6-7,28,8,5,37
5,B1-7-1,4,11,6,43
5,B1-7-2,24,7,6,33
5,B1-7-3,23,6,3,32
5,B1-7-4,29,11,6,38
5,B1-7-5,28,12,5,37
5,B1-7-6,28,11,6,37
5,B1-7-7,28,11,7,37
5,B1-7-8,18,6,4,27
5,B1-8-1,6,17,7,45
5,B1-8-2,5,10,5,44
5,B1-8-3,27,11,5,36
5,B1-8-4,20,6,4,29
5,B1-8-5,26,7,4,35
5,B1-8-6,24,8,4,33
5,B1-8-7,28,11,5,37
5,B1-9-1,3,11,7,42
5,B1-9-2,28,12,7,37
5,B1-9-3,16,5,2,25
5,B1-9-4,25,10,6,34
5,B1-9-5,20,7,3,29
5,B1-9-6,26,10,7,35
5,B1-9-7,24,8,5,33
5,B1-9-8,17,4,2,26
5,B1-10-1,22,6,4,31
5,B1-10-2,22,6,3,31
5,B1-10-3,28,8,4,37
5,B1-10-6,29,13,5,38
5,B1-10-7,5,10,8,44
5,B1-10-8,22,8,5,31
5,B1-11-1,27,7,5,36
5,B1-11-3,28,12,8,37
5,B1-11-4,22,6,2,31
5,B1-11-5,29,4,6,38
5,B1-11-6,5,7,4,44
5,B1-11-8,19,4,2,28
5,B1-12-1,28,8,9,37
5,B1-12-2,21,6,4,30
5,B1-12-3,18,6,3,27
5,B1-12-4,19,5,3,28
5,B1-12-5,17,6,3,26
5,B1-12-6,20,7,4,29
5,B1-12-7,23,5,5,32
5,B1-12-8,17,5,3,26
5,B1-13-2,23,9,4,32
5,B1-13-3,27,11,6,36
5,B1-13-4,18,6,3,27
5,B1-13-5,24,6,4,33
5,B1-13-6,18,6,4,27
5,B1-13-7,22,8,4,31
5,B1-14-1,27,5,3,36
5,B1-14-2,26,6,3,35
5,B1-14-3,20,6,3,29
5,B1-14-4,20,6,2,29
5,B1-14-5,2,19,6,41
5,B1-14-6,22,6,5,31
5,B1-14-7,5,13,5,44
5,B1-14-8,23,5,4,32
5,B1-15-1,19,6,3,28
5,B1-15-2,28,10,6,37
5,B1-15-4,26,9,5,35
5,B1-15-5,29,10,5,38
5,B1-15-6,17,4,3,26
6,B2-1-1,25,8,5,34
6,B2-1-2,3,10,6,42
6,B2-1-3,23,6,4,32
6,B2-1-4,21,9,6,30
6,B2-1-5,20,8,5,29
6,B2-1-6,1,11,6,40
6,B2-1-7,28,8,6,37
6,B2-1-8,20,8,3,29
6,B2-2-1,24,8,5,33
6,B2-2-2,27,8,3,36
6,B2-2-3,11,24,9,20
6,B2-2-4,16,5,3,25
6,B2-2-5,16,6,2,25
6,B2-2-6,25,10,6,34
6,B2-2-7,18,6,3,27
6,B2-3-1,3,19,8,42
6,B2-3-2,27,11,5,36
6,B2-3-4,25,11,5,34
6,B2-3-5,3,14,8,42
6,B2-3-6,24,6,3,33
6,B2-3-7,30,8,3,39
6,B2-3-8,19,5,2,28
6,B2-4-1,24,12,6,33
6,B2-4-2,18,7,4,27
6,B2-4-3,18,6,3,27
6,B2-4-4,6,18,7,45
6,B2-4-5,19,6,3,28
6,B2-4-6,18,6,2,27
6,B2-4-7,24,9,5,33
6,B2-5-1,18,6,5,27
6,B2-5-6,30,6,5,39
6,B2-5-7,25,7,4,34
6,B2-5-8,2,9,6,41
6,B2-6-1,5,13,5,44
6,B2-6-2,22,7,4,31
6,B2-6-3,18,6,4,27
6,B2-6-5,20,5,3,29
6,B2-6-6,26,5,5,35
6,B2-6-7,29,9,6,38
6,B2-6-8,22,6,4,31
6,B2-7-1,17,6,2,26
6,B2-7-2,29,12,5,38
6,B2-7-3,28,9,6,37
6,B2-7-4,28,11,7,37
6,B2-7-5,24,8,5,33
6,B2-7-6,26,6,4,35
6,B2-7-7,26,11,5,35
6,B2-7-8,28,9,5,37
6,B2-8-1,20,4,2,29
6,B2-8-2,24,13,6,33
6,B2-8-3,16,6,3,25
6,B2-8-4,23,5,3,32
6,B2-8-5,17,5,3,26
6,B2-8-6,14,4,2,23
6,B2-8-7,17,4,2,26
6,B2-8-8,27,13,5,36
6,B2-9-1,23,5,4,32
6,B2-9-2,26,11,5,35
6,B2-9-3,28,8,5,37
6,B2-9-4,28,11,5,37
6,B2-9-5,4,12,6,43
6,B2-9-6,29,6,6,38
6,B2-9-7,21,9,6,30
6,B2-9-8,3,7,7,42
6,B2-10-1,28,11,6,37
6,B2-10-2,22,8,4,31
6,B2-10-3,2,13,5,41
6,B2-10-5,27,6,5,36
6,B2-10-6,25,11,7,34
6,B2-10-7,4,12,6,43
6,B2-10-8,20,5,2,29
6,B2-11-1,7,10,5,46
6,B2-11-2,3,12,6,42
6,B2-11-3,25,5,3,34
6,B2-11-4,28,15,6,37
6,B2-11-5,23,4,3,32
6,B2-11-6,28,11,6,37
6,B2-11-7,6,6,4,45
6,B2-11-8,7,10,5,46
6,B2-12-1,21,6,4,30
6,B2-12-2,20,7,5,29
6,B2-12-3,29,13,5,38
6,B2-12-4,28,12,5,37
6,B2-12-5,29,8,6,38
6,B2-12-6,16,4,2,25
6,B2-12-7,28,5,3,37
6,B2-12-8,28,9,5,37
6,B2-13-1,17,4,2,26
6,B2-13-2,19,5,3,28
6,B2-13-3,20,6,4,29
6,B2-13-4,26,4,3,35
6,B2-13-5,28,9,5,37
6,B2-13-6,2,15,7,41
6,B2-13-7,22,7,5,31
6,B2-13-8,22,7,5,31
6,B2-14-1,28,13,5,37
6,B2-14-2,27,5,3,36
6,B2-14-3,23,7,5,32
6,B2-14-4,18,5,2,27
6,B2-14-5,5,10,6,44
6,B2-14-6,27,9,4,36
6,B2-14-7,22,6,3,31
6,B2-14-8,30,13,9,39
6,B2-15-1,22,7,3,31
6,B2-15-2,28,10,6,37
6,B2-15-3,7,10,5,46
6,B2-15-5,21,7,5,30
6,B2-15-6,29,8,4,38
6,B2-15-7,20,4,2,29
6,B2-15-8,2,14,8,41
7,B3-1-1,29,10,5,38
7,B3-1-3,16,4,3,25
7,B3-1-4,1,14,4,40
7,B3-1-5,20,6,5,29
7,B3-1-6,26,6,5,35
7,B3-1-7,28,10,5,37
7,B3-1-8,20,6,3,29
7,B3-2-2,20,9,5,29
7,B3-2-3,20,6,4,29
7,B3-2-4,5,7,3,44
7,B3-2-5,24,10,7,33
7,B3-2-6,29,6,5,38
7,B3-2-7,22,4,3,31
7,B3-2-8,18,5,3,27
7,B3-3-1,19,4,3,28
7,B3-3-2,11,8,5,20
7,B3-3-3,18,5,3,27
7,B3-3-4,26,10,5,35
7,B3-3-5,17,5,3,26
7,B3-3-6,22,8,5,31
7,B3-3-7,28,8,4,37
7,B3-3-8,22,5,2,31
7,B3-4-1,27,9,6,36
7,B3-4-3,21,8,5,30
7,B3-4-4,28,15,6,37
7,B3-4-5,19,5,3,28
7,B3-4-6,25,6,5,34
7,B3-4-7,25,9,6,34
7,B3-4-8,21,10,5,30
7,B3-5-1,28,12,5,37
7,B3-5-2,3,18,7,42
7,B3-5-3,28,7,6,37
7,B3-5-4,24,6,4,33
7,B3-5-5,24,6,4,33
7,B3-5-6,29,5,3,38
7,B3-5-7,4,12,7,43
7,B3-5-8,27,9,4,36
7,B3-6-1,24,10,5,33
7,B3-6-2,19,7,4,28
7,B3-6-3,24,6,3,33
7,B3-6-4,25,10,4,34
7,B3-6-5,17,5,3,26
7,B3-6-6,18,5,3,27
7,B3-6-7,18,5,3,27
7,B3-6-8,22,4,1,31
7,B3-7-1,16,5,3,25
7,B3-7-2,18,7,4,27
7,B3-7-4,18,6,3,27
7,B3-7-5,18,6,3,27
7,B3-7-6,23,4,2,32
7,B3-7-7,3,6,5,42
7,B3-7-8,20,4,3,29
7,B3-8-1,29,8,7,38
7,B3-8-2,23,8,6,32
7,B3-8-3,22,9,5,31
7,B3-8-4,23,8,4,32
7,B3-8-5,24,7,6,33
7,B3-8-6,16,4,2,25
7,B3-8-7,22,10,6,31
7,B3-8-8,17,6,3,26
7,B3-9-1,2,15,5,41
7,B3-9-2,26,6,4,35
7,B3-9-3,25,10,5,34
7,B3-9-4,20,6,2,29
7,B3-9-5,26,11,7,35
7,B3-9-6,29,13,6,38
7,B3-9-7,23,5,3,32
7,B3-9-8,23,5,3,32
7,B3-10-1,2,11,7,41
7,B3-10-2,24,8,4,33
7,B3-10-3,14,4,3,23
7,B3-10-4,22,9,5,31
7,B3-10-5,3,6,5,42
7,B3-10-6,3,8,5,42
7,B3-10-7,23,8,5,32
7,B3-10-8,29,5,3,38
7,B3-11-1,3,12,6,42
7,B3-11-2,25,8,4,34
7,B3-11-3,10,15,8,49
7,B3-11-4,24,8,5,33
7,B3-11-5,28,12,7,37
7,B3-11-6,27,9,4,36
7,B3-11-7,18,5,3,27
7,B3-11-8,20,4,2,29
7,B3-12-1,24,5,4,33
7,B3-12-2,1,13,6,40
7,B3-12-3,25,10,7,34
7,B3-12-4,16,5,3,25
7,B3-12-5,28,10,5,37
7,B3-12-6,18,6,4,27
7,B3-12-7,25,6,5,34
7,B3-12-8,5,12,6,44
7,B3-13-1,16,5,3,25
7,B3-13-2,16,6,3,25
7,B3-13-3,3,6,4,42
7,B3-13-4,22,6,3,31
7,B3-13-5,20,7,5,29
7,B3-13-6,18,6,3,27
7,B3-13-7,4,12,7,43
7,B3-13-8,16,4,4,25
7,B3-14-1,16,5,3,25
7,B3-14-2,24,8,5,33
7,B3-14-3,20,6,3,29
7,B3-14-4,20,5,4,29
7,B3-14-5,17,5,2,26
7,B3-14-6,22,5,2,31
7,B3-14-7,20,4,3,29
7,B3-15-1,19,6,3,28
7,B3-15-2,24,8,4,33
7,B3-15-3,22,9,5,31
7,B3-15-4,29,10,6,38
7,B3-15-5,23,8,5,32
7,B3-15-6,25,8,6,34
7,B3-15-7,28,8,4,37
7,B3-15-8,26,6,3,35
8,B4-1-1,25,6,5,34
8,B4-1-2,28,8,4,37
8,B4-1-3,9,15,6,48
8,B4-1-4,25,8,5,34
8,B4-1-5,28,10,7,37
8,B4-1-6,4,10,5,43
8,B4-1-7,6,12,6,45
8,B4-1-8,29,7,6,38
8,B4-2-1,25,8,5,34
8,B4-2-2,17,5,3,26
8,B4-2-3,9,13,7,48
8,B4-2-5,29,14,6,38
8,B4-2-6,23,7,5,32
8,B4-2-7,24,6,6,33
8,B4-2-8,25,5,3,34
8,B4-3-1,25,4,5,34
8,B4-3-2,23,5,3,32
8,B4-3-3,20,7,5,29
8,B4-3-5,25,10,5,34
8,B4-3-6,22,6,4,31
8,B4-3-7,4,13,4,43
8,B4-4-1,18,5,3,27
8,B4-4-2,8,20,8,47
8,B4-4-3,28,10,7,37
8,B4-4-4,26,6,3,35
8,B4-4-5,17,11,5,26
8,B4-4-6,24,7,4,33
8,B4-4-7,24,8,5,33
8,B4-4-8,23,6,5,32
8,B4-5-1,1,11,5,40
8,B4-5-2,19,5,3,28
8,B4-5-3,19,5,2,28
8,B4-5-4,26,7,4,35
8,B4-5-5,20,7,4,29
8,B4-5-7,26,8,4,35
8,B4-5-8,19,5,2,28
8,B4-6-1,28,12,6,37
8,B4-6-2,23,9,6,32
8,B4-6-3,26,7,5,35
8,B4-6-5,6,12,6,45
8,B4-6-6,1,7,7,40
8,B4-6-7,9,11,6,48
8,B4-6-8,27,6,3,36
8,B4-7-1,29,8,5,38
8,B4-7-3,24,11,5,33
8,B4-7-4,27,7,4,36
8,B4-7-5,25,6,6,34
8,B4-7-6,21,9,5,30
8,B4-7-7,20,5,3,29
8,B4-7-8,6,16,6,45
8,B4-8-1,20,7,4,29
8,B4-8-2,3,20,7,42
8,B4-8-3,4,10,6,43
8,B4-8-4,18,5,4,27
8,B4-8-5,29,13,5,38
8,B4-8-6,18,5,2,27
8,B4-8-7,28,10,5,37
8,B4-8-8,19,5,3,28
8,B4-9-1,19,6,4,28
8,B4-9-2,23,5,2,32
8,B4-9-3,16,5,1,25
8,B4-9-4,29,6,5,38
8,B4-9-5,20,6,4,29
8,B4-9-7,23,8,5,32
8,B4-10-1,20,5,3,29
8,B4-10-2,2,9,6,41
8,B4-10-3,25,10,5,34
8,B4-10-4,20,5,3,29
8,B4-10-6,22,6,3,31
8,B4-10-7,20,5,3,29
8,B4-10-8,23,5,3,32
8,B4-11-1,27,11,5,36
8,B4-11-2,22,5,3,31
8,B4-11-3,20,5,3,29
8,B4-11-4,22,9,5,31
8,B4-11-5,4,14,5,43
8,B4-11-7,26,12,5,35
8,B4-11-8,20,5,3,29
8,B4-12-1,23,8,5,32
8,B4-12-2,24,8,4,33
8,B4-12-3,20,5,3,29
8,B4-12-4,23,6,3,32
8,B4-12-5,29,9,7,38
8,B4-12-6,28,8,6,37
8,B4-12-7,23,9,5,32
8,B4-12-8,28,7,5,37
8,B4-13-1,21,8,4,30
8,B4-13-2,25,6,4,34
8,B4-13-3,20,6,3,29
8,B4-13-5,22,7,4,31
8,B4-13-6,30,12,7,39
8,B4-13-7,20,5,3,29
8,B4-13-8,20,5,2,29
8,B4-14-1,28,8,4,37
8,B4-14-2,23,6,5,32
8,B4-14-3,22,10,5,31
8,B4-14-4,23,9,5,32
8,B4-14-5,22,8,4,31
8,B4-14-6,25,11,5,34
8,B4-14-7,30,7,5,39
8,B4-14-8,20,6,3,29
8,B4-15-1,18,6,4,27
8,B4-15-3,24,9,4,33
8,B4-15-4,16,5,3,25
8,B4-15-5,24,4,3,33
8,B4-15-6,16,4,2,25
8,B4-15-7,28,10,6,37
8,B4-15-8,16,5,3,25
9,C1-1-1,1,7,3,40
9,C1-1-2,29,6,2,38
9,C1-1-4,30,6,4,39
9,C1-1-5,1,5,4,40
9,C1-1-6,1,11,5,40
9,C1-1-7,3,5,3,42
9,C1-1-8,1,10,4,40
9,C1-2-1,1,11,5,40
9,C1-2-2,24,6,3,33
9,C1-2-4,4,8,3,43
9,C1-2-5,26,10,7,35
9,C1-2-6,6,9,5,45
9,C1-2-7,1,15,7,40
9,C1-2-8,24,5,3,33
9,C1-3-1,9,12,7,48
9,C1-3-3,4,13,6,43
9,C1-3-5,1,13,6,40
9,C1-3-6,20,5,3,29
9,C1-3-7,7,11,5,46
9,C1-3-8,7,13,6,46
9,C1-5-2,30,10,3,39
9,C1-5-3,26,4,4,35
9,C1-5-4,23,5,3,32
9,C1-6-1,8,20,7,47
9,C1-6-2,4,8,4,43
9,C1-6-3,1,12,7,40
9,C1-6-4,2,11,5,41
9,C1-6-7,28,6,3,37
9,C1-6-8,28,8,4,37
9,C1-7-1,3,9,6,42
9,C1-7-2,24,7,4,33
9,C1-7-3,23,6,3,32
9,C1-7-4,2,7,5,41
9,C1-7-5,21,6,3,30
9,C1-7-6,29,5,2,38
9,C1-7-8,29,4,3,38
9,C1-8-1,26,5,3,35
9,C1-8-2,27,9,4,36
9,C1-8-4,25,8,5,34
9,C1-8-5,4,13,8,43
9,C1-8-6,27,9,5,36
9,C1-8-8,25,7,4,34
9,C1-10-1,4,14,6,43
9,C1-10-2,8,23,8,47
9,C1-10-3,26,6,3,35
9,C1-10-5,27,4,3,36
9,C1-10-6,4,14,5,43
9,C1-10-7,22,5,2,31
9,C1-10-8,28,8,5,37
9,C1-11-1,29,6,4,38
9,C1-11-2,4,14,6,43
9,C1-11-3,20,4,3,29
9,C1-11-4,5,6,5,44
9,C1-11-6,9,16,8,48
9,C1-11-7,1,11,6,40
9,C1-11-8,6,17,5,45
9,C1-12-1,28,5,4,37
9,C1-12-2,6,14,6,45
9,C1-12-3,26,6,3,35
9,C1-12-4,24,7,5,33
9,C1-12-5,27,5,3,36
9,C1-12-6,29,8,6,38
9,C1-12-7,6,12,6,45
9,C1-12-8,22,6,3,31
9,C1-13-1,5,11,7,44
9,C1-13-2,29,7,5,38
9,C1-13-4,9,18,5,48
9,C1-13-6,29,15,8,38
9,C1-13-7,22,7,5,31
9,C1-13-8,22,5,3,31
9,C1-14-1,24,7,3,33
9,C1-14-2,20,5,2,29
9,C1-14-3,20,5,2,29
9,C1-14-4,28,6,4,37
9,C1-14-6,25,5,1,34
9,C1-14-7,5,10,6,44
9,C1-14-8,24,6,2,33
9,C1-15-1,27,8,5,36
9,C1-15-2,5,18,8,44
9,C1-15-4,1,12,7,40
9,C1-15-6,19,5,3,28
9,C1-15-7,7,8,5,46
9,C1-15-8,1,11,6,40
10,C2-1-1,1,12,5,40
10,C2-1-2,3,13,5,42
10,C2-1-3,21,5,3,30
10,C2-1-4,24,7,4,33
10,C2-1-6,29,10,4,38
10,C2-1-8,11,10,9,20
10,C2-2-2,25,9,5,34
10,C2-2-3,19,5,5,28
10,C2-2-4,28,9,5,37
10,C2-2-5,7,18,7,46
10,C2-2-6,28,6,5,37
10,C2-2-7,29,8,5,38
10,C2-3-1,20,5,2,29
10,C2-3-2,22,5,3,31
10,C2-3-3,25,9,5,34
10,C2-3-4,1,9,5,40
10,C2-3-5,28,13,6,37
10,C2-3-6,28,10,7,37
10,C2-3-8,24,8,5,33
10,C2-4-2,10,15,7,49
10,C2-4-3,21,5,4,30
10,C2-4-4,3,19,10,42
10,C2-4-5,27,7,4,36
10,C2-4-6,11,20,10,20
10,C2-4-7,11,13,8,20
10,C2-4-8,27,8,4,36
10,C2-5-1,1,7,6,40
10,C2-5-2,20,5,3,29
10,C2-5-3,25,6,5,34
10,C2-5-4,23,6,3,32
10,C2-5-5,29,6,4,38
10,C2-5-6,27,8,3,36
10,C2-5-7,8,16,7,47
10,C2-5-8,24,4,3,33
10,C2-6-1,5,13,5,44
10,C2-6-2,20,5,3,29
10,C2-6-3,3,9,4,42
10,C2-6-4,22,6,2,31
10,C2-6-5,3,13,6,42
10,C2-6-6,19,4,3,28
10,C2-6-7,27,7,4,36
10,C2-6-8,30,11,6,39
10,C2-7-1,23,9,6,32
10,C2-7-2,24,6,2,33
10,C2-7-3,4,9,6,43
10,C2-7-4,29,10,7,38
10,C2-7-5,27,11,4,36
10,C2-7-6,24,5,4,33
10,C2-7-7,23,8,4,32
10,C2-7-8,6,14,8,45
10,C2-8-1,19,5,3,28
10,C2-8-2,3,15,9,42
10,C2-8-3,5,6,4,44
10,C2-8-4,28,10,4,37
10,C2-8-5,6,16,8,45
10,C2-8-6,28,7,5,37
10,C2-8-7,1,14,5,40
10,C2-8-8,2,6,3,41
10,C2-9-1,22,7,3,31
10,C2-9-2,22,6,4,31
10,C2-9-3,24,7,5,33
10,C2-9-4,29,11,5,38
10,C2-9-5,17,4,2,26
10,C2-9-6,1,17,8,40
10,C2-9-8,21,5,2,30
10,C2-10-1,24,6,3,33
10,C2-10-2,25,6,5,34
10,C2-10-3,23,7,4,32
10,C2-10-4,25,5,5,34
10,C2-10-6,23,6,3,32
10,C2-10-7,27,6,4,36
10,C2-10-8,29,11,6,38
10,C2-11-1,27,8,3,36
10,C2-11-2,29,14,6,38
10,C2-11-3,8,14,5,47
10,C2-11-4,4,9,5,43
10,C2-11-5,27,8,5,36
10,C2-11-6,25,6,4,34
10,C2-11-7,23,5,3,32
10,C2-12-1,21,5,3,30
10,C2-12-2,27,10,6,36
10,C2-12-3,3,17,6,42
10,C2-12-4,26,5,3,35
10,C2-12-5,17,4,2,26
10,C2-12-7,25,4,2,34
10,C2-12-8,26,5,2,35
10,C2-13-1,29,9,5,38
10,C2-13-2,27,11,6,36
10,C2-13-3,22,8,4,31
10,C2-13-4,6,10,6,45
10,C2-13-5,18,5,3,27
10,C2-13-6,5,22,6,44
10,C2-13-7,23,4,3,32
10,C2-13-8,25,8,5,34
10,C2-14-1,27,10,5,36
10,C2-14-3,29,10,4,38
10,C2-14-4,27,14,7,36
10,C2-14-5,29,8,5,38
10,C2-14-8,2,12,6,41
10,C2-15-1,18,5,2,27
10,C2-15-2,7,12,4,46
10,C2-15-3,24,5,2,33
10,C2-15-4,29,6,4,38
10,C2-15-5,27,8,4,36
10,C2-15-7,25,6,4,34
10,C2-15-8,23,5,2,32
11,C3-1-1,21,4,3,30
11,C3-1-2,3,8,5,42
11,C3-1-4,29,9,5,38
11,C3-1-5,23,4,2,32
11,C3-1-6,25,9,7,34
11,C3-1-7,29,9,5,38
11,C3-1-8,27,5,2,36
11,C3-2-1,23,7,5,32
11,C3-2-2,24,5,2,33
11,C3-2-3,28,8,5,37
11,C3-2-5,21,5,2,30
11,C3-2-6,30,9,6,39
11,C3-2-7,22,7,5,31
11,C3-2-8,23,6,3,32
11,C3-3-1,25,6,3,34
11,C3-3-2,4,13,6,43
11,C3-3-3,25,5,3,34
11,C3-3-4,20,4,3,29
11,C3-3-5,28,8,5,37
11,C3-3-6,28,9,7,37
11,C3-3-7,27,5,3,36
11,C3-3-8,1,16,7,40
11,C3-4-1,22,5,2,31
11,C3-4-3,20,5,2,29
11,C3-4-5,17,5,1,26
11,C3-4-6,30,9,6,39
11,C3-5-1,27,6,3,36
11,C3-5-2,23,6,3,32
11,C3-5-3,3,6,5,42
11,C3-5-4,25,9,5,34
11,C3-5-6,23,4,3,32
11,C3-5-8,29,5,3,38
11,C3-6-1,29,6,3,38
11,C3-6-2,2,9,4,41
11,C3-6-3,29,10,5,38
11,C3-6-4,30,12,7,39
11,C3-6-6,1,9,5,40
11,C3-6-7,22,6,4,31
11,C3-6-8,21,5,3,30
11,C3-7-1,22,6,3,31
11,C3-7-2,10,16,7,49
11,C3-7-3,28,11,5,37
11,C3-7-4,25,5,2,34
11,C3-7-5,28,9,5,37
11,C3-7-6,25,7,3,34
11,C3-7-8,29,11,5,38
11,C3-8-2,29,5,4,38
11,C3-8-3,1,7,4,40
11,C3-8-4,3,10,4,42
11,C3-8-6,26,8,4,35
11,C3-8-7,21,6,2,30
11,C3-8-8,1,13,5,40
11,C3-9-1,30,10,5,39
11,C3-9-2,18,4,3,27
11,C3-9-3,20,4,3,29
11,C3-9-4,1,10,5,40
11,C3-9-5,29,8,4,38
11,C3-9-6,5,15,7,44
11,C3-9-7,21,5,3,30
11,C3-10-1,22,4,3,31
11,C3-10-2,8,17,7,47
11,C3-10-3,19,4,2,28
11,C3-10-5,5,18,7,44
11,C3-10-6,26,12,5,35
11,C3-10-7,23,5,3,32
11,C3-10-8,1,10,4,40
11,C3-11-1,1,8,6,40
11,C3-11-3,28,8,5,37
11,C3-11-4,1,11,3,40
11,C3-11-5,29,5,3,38
11,C3-11-7,1,11,5,40
11,C3-11-8,30,14,8,39
11,C3-12-1,25,9,5,34
11,C3-12-2,23,7,3,32
11,C3-12-3,29,11,6,38
11,C3-12-5,20,5,3,29
11,C3-12-6,28,9,5,37
11,C3-12-8,29,12,6,38
11,C3-13-1,2,10,4,41
11,C3-13-2,20,4,2,29
11,C3-13-3,27,9,5,36
11,C3-13-4,1,15,8,40
11,C3-13-6,30,8,4,39
11,C3-13-7,28,9,4,37
11,C3-14-2,24,5,1,33
11,C3-14-3,25,9,7,34
11,C3-14-4,22,5,2,31
11,C3-14-5,23,5,3,32
11,C3-14-6,24,7,4,33
11,C3-14-8,2,12,6,41
11,C3-15-2,28,11,6,37
11,C3-15-3,29,11,5,38
11,C3-15-4,25,4,3,34
11,C3-15-5,20,4,2,29
11,C3-15-6,30,13,8,39
11,C3-15-7,19,5,3,28
11,C3-15-8,30,9,6,39
12,C4-1-1,30,6,4,39
12,C4-1-2,28,9,5,37
12,C4-1-4,6,12,4,45
12,C4-1-5,3,7,6,42
12,C4-1-6,10,18,7,49
12,C4-1-7,29,5,2,38
12,C4-1-8,3,8,5,42
12,C4-2-1,24,5,2,33
12,C4-2-2,26,6,4,35
12,C4-2-3,28,5,3,37
12,C4-2-4,9,12,5,48
12,C4-2-5,26,4,3,35
12,C4-2-6,27,5,2,36
12,C4-2-7,25,6,5,34
12,C4-3-2,29,6,8,38
12,C4-3-3,30,9,4,39
12,C4-3-4,26,6,2,35
12,C4-3-5,29,5,3,38
12,C4-3-6,30,8,3,39
12,C4-3-7,23,5,3,32
12,C4-3-8,25,4,3,34
12,C4-4-1,6,10,6,45
12,C4-4-2,23,4,2,32
12,C4-4-3,25,7,5,34
12,C4-4-4,23,4,2,32
12,C4-4-5,26,4,3,35
12,C4-4-6,29,6,2,38
12,C4-4-7,24,5,3,33
12,C4-4-8,3,10,7,42
12,C4-5-1,21,6,2,30
12,C4-5-2,29,9,7,38
12,C4-5-3,30,5,4,39
12,C4-5-4,2,12,8,41
12,C4-5-5,30,5,2,39
12,C4-5-8,6,10,5,45
12,C4-6-1,9,16,6,48
12,C4-6-2,21,5,3,30
12,C4-6-3,6,8,5,45
12,C4-6-4,28,6,3,37
12,C4-6-5,3,6,3,42
12,C4-6-6,30,10,7,39
12,C4-6-7,30,9,6,39
12,C4-6-8,20,4,3,29
12,C4-7-1,29,10,6,38
12,C4-7-4,21,4,3,30
12,C4-7-5,11,10,7,20
12,C4-7-6,8,19,9,47
12,C4-7-7,25,5,2,34
12,C4-7-8,30,11,7,39
12,C4-8-2,25,6,4,34
12,C4-8-3,1,8,5,40
12,C4-8-5,27,7,5,36
12,C4-8-6,1,14,7,40
12,C4-8-7,24,6,6,33
12,C4-8-8,29,10,5,38
12,C4-9-1,23,7,3,32
12,C4-9-3,30,8,5,39
12,C4-9-4,29,6,3,38
12,C4-9-6,23,6,4,32
12,C4-10-1,1,10,5,40
12,C4-10-2,24,5,3,33
12,C4-10-3,4,10,4,43
12,C4-10-4,9,16,9,48
12,C4-10-5,5,8,6,44
12,C4-10-6,5,10,7,44
12,C4-10-7,25,5,2,34
12,C4-10-8,5,8,4,44
12,C4-11-1,4,10,6,43
12,C4-11-2,28,6,3,37
12,C4-11-3,4,11,6,43
12,C4-11-5,1,11,6,40
12,C4-11-6,24,5,3,33
12,C4-11-7,1,10,5,40
12,C4-11-8,3,10,5,42
12,C4-12-1,30,13,5,39
12,C4-12-2,22,5,3,31
12,C4-12-3,22,6,3,31
12,C4-12-4,29,8,7,38
12,C4-12-5,28,12,6,37
12,C4-12-6,28,6,3,37
12,C4-12-7,5,17,5,44
12,C4-12-8,30,9,2,39
12,C4-13-1,29,9,7,38
12,C4-13-2,22,6,3,31
12,C4-13-3,25,8,6,34
12,C4-13-5,24,7,4,33
12,C4-13-6,2,14,7,41
12,C4-13-8,22,5,2,31
12,C4-14-1,25,6,5,34
12,C4-14-2,22,7,4,31
12,C4-14-3,29,8,6,38
12,C4-14-4,24,6,3,33
12,C4-14-5,3,14,4,42
12,C4-14-6,4,12,5,43
12,C4-14-7,1,10,6,40
12,C4-14-8,28,5,2,37
12,C4-15-1,21,5,5,30
12,C4-15-2,24,4,3,33
12,C4-15-3,2,11,7,41
12,C4-15-4,9,16,6,48
12,C4-15-7,1,6,5,40
12,C4-15-8,2,9,3,41
13,D1-1-1,24,6,3,33
13,D1-1-2,5,11,5,44
13,D1-1-3,21,6,2,30
13,D1-1-4,5,16,5,44
13,D1-1-5,22,7,3,31
13,D1-1-6,29,5,4,38
13,D1-1-7,25,4,2,34
13,D1-1-8,29,8,6,38
13,D1-2-1,26,6,2,35
13,D1-2-2,28,9,5,37
13,D1-2-3,6,14,8,45
13,D1-2-4,27,5,3,36
13,D1-2-5,30,13,5,39
13,D1-2-6,30,14,7,39
13,D1-2-7,25,6,3,34
13,D1-2-8,28,12,5,37
13,D1-3-1,25,7,3,34
13,D1-3-2,26,8,3,35
13,D1-3-3,5,15,7,44
13,D1-3-4,2,6,4,41
13,D1-3-5,9,17,6,48
13,D1-3-6,29,8,5,38
13,D1-3-7,29,11,7,38
13,D1-4-1,22,4,3,31
13,D1-4-2,27,6,3,36
13,D1-4-3,29,7,5,38
13,D1-4-4,20,5,2,29
13,D1-4-5,21,6,2,30
13,D1-4-7,26,5,3,35
13,D1-4-8,23,5,2,32
13,D1-5-3,20,5,2,29
13,D1-5-4,29,14,7,38
13,D1-5-5,7,16,5,46
13,D1-5-6,29,9,5,38
13,D1-6-2,3,12,6,42
13,D1-6-3,1,7,2,40
13,D1-6-4,28,8,3,37
13,D1-6-5,6,11,7,45
13,D1-6-6,29,4,2,38
13,D1-6-7,6,14,5,45
13,D1-7-1,27,8,5,36
13,D1-7-2,1,12,5,40
13,D1-7-3,4,9,5,43
13,D1-7-5,30,11,5,39
13,D1-7-6,9,13,7,48
13,D1-7-7,25,4,3,34
13,D1-7-8,1,6,5,40
13,D1-8-2,23,7,4,32
13,D1-8-4,28,9,4,37
13,D1-8-5,23,4,3,32
13,D1-8-6,1,12,7,40
13,D1-8-7,20,7,3,29
13,D1-8-8,22,6,2,31
13,D1-9-1,29,7,4,38
13,D1-9-2,5,17,6,44
13,D1-9-3,28,7,4,37
13,D1-9-4,28,7,3,37
13,D1-9-5,21,5,2,30
13,D1-9-6,22,5,3,31
13,D1-9-7,2,10,7,41
13,D1-9-8,22,5,4,31
13,D1-10-4,21,6,3,30
13,D1-10-6,21,5,2,30
13,D1-10-7,28,6,4,37
13,D1-10-8,30,9,4,39
13,D1-11-1,30,9,4,39
13,D1-11-2,3,13,7,42
13,D1-11-3,4,15,4,43
13,D1-11-4,3,9,5,42
13,D1-11-5,26,4,3,35
13,D1-11-6,5,13,4,44
13,D1-11-7,10,17,5,49
13,D1-11-8,2,9,4,41
13,D1-12-1,30,6,3,39
13,D1-12-2,29,8,5,38
13,D1-12-3,28,10,4,37
13,D1-12-4,22,5,3,31
13,D1-12-6,1,9,7,40
13,D1-12-7,3,8,5,42
13,D1-13-2,27,6,5,36
13,D1-13-3,26,9,5,35
13,D1-13-4,1,8,5,40
13,D1-13-5,27,9,4,36
13,D1-13-6,29,6,4,38
13,D1-13-8,29,9,5,38
13,D1-14-1,1,11,5,40
13,D1-14-2,24,4,3,33
13,D1-14-4,1,11,6,40
13,D1-14-5,11,11,6,20
13,D1-14-6,2,6,3,41
13,D1-14-7,23,6,3,32
13,D1-14-8,26,7,3,35
13,D1-15-2,26,6,3,35
13,D1-15-3,22,5,2,31
13,D1-15-6,9,19,6,48
13,D1-15-7,6,5,3,45
14,D2-1-2,28,7,5,37
14,D2-1-3,21,7,5,30
14,D2-1-5,28,10,4,37
14,D2-1-6,28,13,7,37
14,D2-1-7,5,16,7,44
14,D2-2-1,29,6,4,38
14,D2-2-2,29,9,4,38
14,D2-2-3,22,8,4,31
14,D2-2-4,5,21,6,44
14,D2-2-5,19,5,2,28
14,D2-2-6,5,11,8,44
14,D2-2-7,30,15,8,39
14,D2-2-8,29,6,5,38
14,D2-3-1,20,6,3,29
14,D2-3-2,28,6,4,37
14,D2-3-4,25,10,6,34
14,D2-3-5,27,11,6,36
14,D2-3-6,23,6,3,32
14,D2-3-7,29,7,5,38
14,D2-3-8,3,13,8,42
14,D2-4-1,21,6,3,30
14,D2-4-3,24,8,4,33
14,D2-4-4,21,4,2,30
14,D2-4-5,29,12,6,38
14,D2-4-6,20,6,3,29
14,D2-4-7,21,7,4,30
14,D2-4-8,29,7,5,38
14,D2-5-2,26,6,3,35
14,D2-5-3,29,11,5,38
14,D2-5-4,25,7,4,34
14,D2-5-5,26,8,5,35
14,D2-5-7,29,7,3,38
14,D2-6-1,22,5,3,31
14,D2-6-2,26,4,3,35
14,D2-6-3,28,10,5,37
14,D2-6-6,24,8,4,33
14,D2-6-7,29,6,4,38
14,D2-6-8,21,6,3,30
14,D2-7-1,26,6,3,35
14,D2-7-2,29,8,4,38
14,D2-7-4,30,10,5,39
14,D2-7-5,20,5,3,29
14,D2-7-6,27,10,3,36
14,D2-7-7,29,12,5,38
14,D2-8-1,28,8,4,37
14,D2-8-2,24,8,5,33
14,D2-8-3,17,4,3,26
14,D2-8-4,2,14,8,41
14,D2-8-5,26,4,2,35
14,D2-8-6,26,8,5,35
14,D2-8-7,29,10,6,38
14,D2-8-8,21,5,3,30
14,D2-9-1,26,10,5,35
14,D2-9-2,22,7,3,31
14,D2-9-3,21,7,5,30
14,D2-9-4,22,7,3,31
14,D2-9-5,30,9,5,39
14,D2-9-6,3,11,7,42
14,D2-9-7,28,7,5,37
14,D2-10-1,22,5,4,31
14,D2-10-2,26,6,4,35
14,D2-10-5,24,6,3,33
14,D2-10-6,27,10,4,36
14,D2-10-7,29,11,6,38
14,D2-11-1,25,7,4,34
14,D2-11-2,30,10,5,39
14,D2-11-3,19,5,3,28
14,D2-11-4,30,14,5,39
14,D2-11-5,25,8,5,34
14,D2-11-6,26,8,5,35
14,D2-11-7,25,6,3,34
14,D2-12-1,19,5,2,28
14,D2-12-2,26,8,6,35
14,D2-12-3,20,7,4,29
14,D2-12-5,30,5,3,39
14,D2-12-6,26,6,3,35
14,D2-12-7,21,5,4,30
14,D2-13-1,29,5,2,38
14,D2-13-2,20,4,3,29
14,D2-13-3,24,5,3,33
14,D2-13-4,24,8,5,33
14,D2-13-7,24,9,4,33
14,D2-13-8,25,5,4,34
14,D2-14-1,22,8,4,31
14,D2-14-2,28,6,3,37
14,D2-14-3,25,9,5,34
14,D2-14-4,20,5,3,29
14,D2-14-5,3,11,5,42
14,D2-14-6,27,11,5,36
14,D2-14-7,19,5,3,28
14,D2-14-8,25,10,6,34
14,D2-15-1,2,7,4,41
14,D2-15-2,24,10,5,33
14,D2-15-3,26,10,4,35
14,D2-15-4,21,5,2,30
14,D2-15-6,5,13,5,44
14,D2-15-7,28,6,4,37
14,D2-15-8,25,6,3,34
15,D3-1-1,9,13,6,48
15,D3-1-2,25,7,3,34
15,D3-1-3,25,9,4,34
15,D3-1-4,20,5,2,29
15,D3-1-5,10,16,6,49
15,D3-1-6,20,4,2,29
15,D3-1-7,27,12,7,36
15,D3-1-8,28,7,4,37
15,D3-2-1,24,6,4,33
15,D3-2-2,21,6,3,30
15,D3-2-3,27,5,2,36
15,D3-2-4,24,6,5,33
15,D3-2-5,18,5,2,27
15,D3-2-6,18,5,3,27
15,D3-2-7,4,10,7,43
15,D3-2-8,27,10,7,36
15,D3-3-1,28,6,6,37
15,D3-3-2,21,7,4,30
15,D3-3-3,1,9,5,40
15,D3-3-5,1,8,7,40
15,D3-3-6,21,6,4,30
15,D3-3-7,17,5,2,26
15,D3-3-8,26,12,7,35
15,D3-4-1,27,8,6,36
15,D3-4-2,25,5,4,34
15,D3-4-3,27,14,7,36
15,D3-4-4,25,4,3,34
15,D3-4-5,21,6,6,30
15,D3-4-6,20,5,3,29
15,D3-4-7,24,7,5,33
15,D3-4-8,26,10,4,35
15,D3-5-1,10,16,5,49
15,D3-5-2,29,10,6,38
15,D3-5-3,23,7,5,32
15,D3-5-4,24,5,3,33
15,D3-5-5,29,12,6,38
15,D3-5-6,27,8,5,36
15,D3-5-7,28,8,5,37
15,D3-5-8,30,9,5,39
15,D3-6-1,26,6,3,35
15,D3-6-2,5,17,7,44
15,D3-6-3,28,10,5,37
15,D3-6-4,29,8,5,38
15,D3-6-5,30,12,6,39
15,D3-6-7,26,8,3,35
15,D3-6-8,28,9,5,37
15,D3-7-1,30,8,4,39
15,D3-7-2,30,7,3,39
15,D3-7-3,27,12,6,36
15,D3-7-5,30,13,4,39
15,D3-7-6,2,17,7,41
15,D3-7-7,28,7,5,37
15,D3-8-1,23,6,4,32
15,D3-8-2,30,12,4,39
15,D3-8-3,4,8,7,43
15,D3-8-4,26,7,4,35
15,D3-8-5,20,6,3,29
15,D3-8-6,25,5,4,34
15,D3-8-8,2,14,6,41
15,D3-9-1,22,8,5,31
15,D3-9-2,17,4,2,26
15,D3-9-3,17,6,2,26
15,D3-9-4,23,7,4,32
15,D3-9-6,21,7,5,30
15,D3-9-7,21,6,3,30
15,D3-9-8,3,14,10,42
15,D3-10-1,19,5,3,28
15,D3-10-2,29,8,3,38
15,D3-10-3,29,14,6,38
15,D3-10-4,28,12,5,37
15,D3-10-5,30,8,5,39
15,D3-10-6,29,8,4,38
15,D3-10-7,26,8,4,35
15,D3-10-8,28,9,4,37
15,D3-11-1,26,6,3,35
15,D3-11-2,24,5,3,33
15,D3-11-3,28,7,3,37
15,D3-11-4,21,5,3,30
15,D3-11-5,28,7,5,37
15,D3-11-6,5,11,5,44
15,D3-11-7,22,6,2,31
15,D3-11-8,29,10,6,38
15,D3-12-1,24,6,3,33
15,D3-12-2,28,10,5,37
15,D3-12-3,27,10,4,36
15,D3-12-4,20,6,3,29
15,D3-12-5,20,6,4,29
15,D3-12-6,26,4,3,35
15,D3-12-8,29,14,6,38
15,D3-13-1,23,7,5,32
15,D3-13-2,23,6,5,32
15,D3-13-3,21,8,6,30
15,D3-13-5,28,9,5,37
15,D3-13-6,18,5,3,27
15,D3-13-7,29,8,5,38
15,D3-13-8,28,9,5,37
15,D3-14-1,16,4,2,25
15,D3-14-2,22,9,6,31
15,D3-14-4,25,6,2,34
15,D3-14-5,25,6,3,34
15,D3-14-6,21,5,3,30
15,D3-14-7,19,5,2,28
15,D3-14-8,5,6,2,44
15,D3-15-1,29,14,6,38
15,D3-15-2,17,5,3,26
15,D3-15-3,24,6,4,33
15,D3-15-4,22,6,3,31
15,D3-15-5,24,6,3,33
15,D3-15-6,28,6,5,37
15,D3-15-7,5,19,7,44
15,D3-15-8,20,6,3,29
16,D4-1-1,27,7,3,36
16,D4-1-2,30,12,6,39
16,D4-1-3,24,6,3,33
16,D4-1-5,25,6,3,34
16,D4-1-6,30,13,5,39
16,D4-1-8,25,4,3,34
16,D4-2-1,19,5,1,28
16,D4-2-2,23,6,2,32
16,D4-2-4,1,11,3,40
16,D4-2-5,28,6,4,37
16,D4-2-6,29,7,4,38
16,D4-2-7,28,11,5,37
16,D4-2-8,23,8,4,32
16,D4-3-1,27,9,6,36
16,D4-3-2,27,9,4,36
16,D4-3-3,10,8,5,49
16,D4-3-4,24,7,5,33
16,D4-3-5,28,11,5,37
16,D4-3-6,28,5,3,37
16,D4-3-8,27,8,7,36
16,D4-4-1,5,19,8,44
16,D4-4-2,9,16,8,48
16,D4-4-3,23,7,2,32
16,D4-4-4,26,10,3,35
16,D4-4-5,28,8,6,37
16,D4-4-6,22,6,3,31
16,D4-5-1,5,15,8,44
16,D4-5-2,29,5,13,38
16,D4-5-3,8,15,7,47
16,D4-5-4,26,6,4,35
16,D4-5-5,21,5,4,30
16,D4-5-6,8,12,6,47
16,D4-5-7,22,6,2,31
16,D4-5-8,27,5,2,36
16,D4-6-1,25,7,3,34
16,D4-6-2,26,8,5,35
16,D4-6-5,30,6,4,39
16,D4-6-6,4,12,6,43
16,D4-6-7,28,7,2,37
16,D4-6-8,23,6,3,32
16,D4-7-1,27,9,4,36
16,D4-7-2,28,5,2,37
16,D4-7-3,28,5,1,37
16,D4-7-4,29,9,4,38
16,D4-7-5,7,12,5,46
16,D4-7-7,28,6,3,37
16,D4-7-8,27,9,4,36
16,D4-8-1,24,6,3,33
16,D4-8-2,28,8,4,37
16,D4-8-3,21,6,2,30
16,D4-8-4,23,7,3,32
16,D4-8-5,5,12,8,44
16,D4-8-7,29,7,3,38
16,D4-9-1,11,21,6,20
16,D4-9-2,21,5,3,30
16,D4-9-3,26,11,6,35
16,D4-9-4,26,4,4,35
16,D4-9-5,6,10,4,45
16,D4-9-6,27,17,8,36
16,D4-9-7,27,6,4,36
16,D4-9-8,22,7,4,31
16,D4-10-1,22,5,3,31
16,D4-10-4,22,6,4,31
16,D4-10-5,21,6,4,30
16,D4-10-7,7,11,7,46
16,D4-10-8,27,6,1,36
16,D4-11-2,26,6,2,35
16,D4-11-3,23,6,2,32
16,D4-11-4,30,16,6,39
16,D4-11-5,30,11,6,39
16,D4-11-7,28,13,7,37
16,D4-11-8,1,9,5,40
16,D4-12-1,21,6,2,30
16,D4-12-2,18,5,2,27
16,D4-12-3,21,4,3,30
16,D4-12-4,6,17,8,45
16,D4-12-5,20,6,2,29
16,D4-12-6,26,10,4,35
16,D4-12-7,10,7,6,49
16,D4-13-1,27,6,3,36
16,D4-13-2,30,13,5,39
16,D4-13-3,30,9,5,39
16,D4-13-4,26,7,3,35
16,D4-13-5,26,5,2,35
16,D4-13-6,28,12,6,37
16,D4-13-7,2,5,9,41
16,D4-14-1,3,11,5,42
16,D4-14-3,4,18,6,43
16,D4-14-4,23,5,1,32
16,D4-14-6,24,7,2,33
16,D4-14-7,20,6,2,29
16,D4-14-8,3,8,2,42
16,D4-15-1,30,14,6,39
16,D4-15-2,30,10,4,39
16,D4-15-3,4,11,4,43
16,D4-15-4,28,8,4,37
16,D4-15-5,28,6,2,37
16,D4-15-6,24,6,3,33
16,D4-15-7,28,10,5,37
16,D4-15-8,28,6,5,37
17,E1-1-1,29,6,4,38
17,E1-1-2,28,6,3,37
17,E1-1-3,28,6,3,37
17,E1-1-4,29,9,6,38
17,E1-1-6,25,4,2,34
17,E1-1-7,27,11,5,36
17,E1-2-1,20,5,3,29
17,E1-2-2,21,6,3,30
17,E1-2-3,23,6,4,32
17,E1-2-4,28,14,7,37
17,E1-2-5,27,12,5,36
17,E1-2-6,28,12,6,37
17,E1-2-7,20,5,4,29
17,E1-2-8,27,9,3,36
17,E1-3-1,27,8,5,36
17,E1-3-2,25,4,3,34
17,E1-3-4,28,8,5,37
17,E1-3-5,27,5,3,36
17,E1-3-6,22,6,3,31
17,E1-3-7,18,4,2,27
17,E1-3-8,21,9,5,30
17,E1-4-1,18,5,3,27
17,E1-4-2,30,6,6,39
17,E1-4-6,19,4,2,28
17,E1-4-7,30,13,7,39
17,E1-4-8,27,8,4,36
17,E1-5-1,1,8,6,40
17,E1-5-2,27,8,4,36
17,E1-5-3,29,6,3,38
17,E1-5-4,27,6,3,36
17,E1-5-5,18,4,2,27
17,E1-5-6,27,9,5,36
17,E1-5-7,22,5,3,31
17,E1-5-8,29,15,6,38
17,E1-6-2,22,5,3,31
17,E1-6-3,22,5,5,31
17,E1-6-4,27,5,3,36
17,E1-6-5,23,6,4,32
17,E1-6-6,27,6,4,36
17,E1-6-7,28,6,3,37
17,E1-6-8,28,6,3,37
17,E1-7-1,27,9,5,36
17,E1-7-2,25,12,6,34
17,E1-7-3,22,5,2,31
17,E1-7-4,29,7,4,38
17,E1-7-5,25,6,3,34
17,E1-7-6,27,10,4,36
17,E1-7-7,27,12,7,36
17,E1-7-8,4,17,9,43
17,E1-8-1,27,11,6,36
17,E1-8-2,20,5,3,29
17,E1-8-3,29,9,6,38
17,E1-8-4,27,9,5,36
17,E1-8-5,28,11,5,37
17,E1-8-6,23,6,2,32
17,E1-8-7,4,16,8,43
17,E1-8-8,27,6,3,36
17,E1-9-1,20,6,3,29
17,E1-9-2,24,4,3,33
17,E1-9-3,20,5,2,29
17,E1-9-4,24,6,2,33
17,E1-9-5,22,8,4,31
17,E1-9-6,19,3,3,28
17,E1-9-7,28,14,6,37
17,E1-9-8,27,6,5,36
17,E1-10-1,3,10,5,42
17,E1-10-2,27,9,5,36
17,E1-10-3,28,6,3,37
17,E1-10-4,27,14,5,36
17,E1-10-5,27,11,7,36
17,E1-10-6,21,6,7,30
17,E1-10-7,28,5,3,37
17,E1-10-8,20,5,3,29
17,E1-11-1,27,10,6,36
17,E1-11-2,30,8,4,39
17,E1-11-3,27,8,4,36
17,E1-11-4,27,5,4,36
17,E1-11-5,25,6,4,34
17,E1-11-6,29,10,4,38
17,E1-11-7,23,4,2,32
17,E1-11-8,23,4,2,32
17,E1-12-1,24,8,5,33
17,E1-12-2,19,6,2,28
17,E1-12-3,20,7,4,29
17,E1-12-4,28,4,2,37
17,E1-12-5,9,13,7,48
17,E1-12-6,18,6,2,27
17,E1-12-7,20,5,2,29
17,E1-13-1,24,8,5,33
17,E1-13-2,27,10,3,36
17,E1-13-3,18,4,3,27
17,E1-13-4,20,6,4,29
17,E1-13-6,8,14,7,47
17,E1-13-7,22,6,4,31
17,E1-13-8,28,13,5,37
17,E1-14-1,28,9,4,37
17,E1-14-2,28,13,5,37
17,E1-14-3,3,5,3,42
17,E1-14-4,27,8,5,36
17,E1-14-5,27,7,5,36
17,E1-14-6,18,5,4,27
17,E1-14-7,23,8,4,32
17,E1-15-1,21,6,4,30
17,E1-15-2,22,6,5,31
17,E1-15-3,23,8,4,32
17,E1-15-4,25,6,4,34
17,E1-15-5,25,8,5,34
17,E1-15-6,25,8,4,34
17,E1-15-7,22,6,5,31
17,E1-15-8,18,4,2,27
18,E2-1-1,27,7,6,36
18,E2-1-2,28,9,6,37
18,E2-1-3,22,9,4,31
18,E2-1-4,22,5,3,31
18,E2-1-5,27,5,4,36
18,E2-1-6,22,10,8,31
18,E2-1-7,22,6,3,31
18,E2-1-8,23,6,3,32
18,E2-2-1,26,10,6,35
18,E2-2-2,24,9,5,33
18,E2-2-3,27,7,3,36
18,E2-2-4,23,4,4,32
18,E2-2-5,19,5,3,28
18,E2-2-6,22,5,4,31
18,E2-2-7,21,6,4,30
18,E2-2-8,22,9,5,31
18,E2-3-1,24,10,6,33
18,E2-3-2,26,6,4,35
18,E2-3-3,22,6,4,31
18,E2-3-4,27,11,6,36
18,E2-3-5,22,10,5,31
18,E2-3-6,21,7,4,30
18,E2-3-7,24,5,4,33
18,E2-3-8,27,10,6,36
18,E2-4-1,27,7,5,36
18,E2-4-2,26,5,3,35
18,E2-4-3,24,6,3,33
18,E2-4-4,19,5,3,28
18,E2-4-5,27,9,4,36
18,E2-4-6,19,4,3,28
18,E2-4-7,26,11,5,35
18,E2-4-8,22,10,5,31
18,E2-5-1,20,6,5,29
18,E2-5-2,22,6,3,31
18,E2-5-3,30,6,4,39
18,E2-5-4,27,6,3,36
18,E2-5-5,27,8,5,36
18,E2-5-6,22,6,4,31
18,E2-5-7,22,8,4,31
18,E2-5-8,23,6,3,32
18,E2-6-1,18,5,2,27
18,E2-6-2,26,6,6,35
18,E2-6-3,24,6,3,33
18,E2-6-4,26,11,5,35
18,E2-6-5,26,9,2,35
18,E2-6-6,26,6,3,35
18,E2-7-1,22,6,4,31
18,E2-7-2,20,5,1,29
18,E2-7-3,26,6,4,35
18,E2-7-4,20,4,3,29
18,E2-7-5,24,6,3,33
18,E2-7-6,23,6,3,32
18,E2-7-7,17,4,2,26
18,E2-7-8,26,10,5,35
18,E2-8-1,20,5,2,29
18,E2-8-2,24,8,4,33
18,E2-8-3,20,6,4,29
18,E2-8-4,28,6,5,37
18,E2-8-5,23,9,5,32
18,E2-8-6,28,15,6,37
18,E2-8-7,27,10,6,36
18,E2-8-8,20,6,3,29
18,E2-9-1,17,5,2,26
18,E2-9-2,22,9,6,31
18,E2-9-3,24,4,3,33
18,E2-9-4,24,5,4,33
18,E2-9-5,26,7,4,35
18,E2-9-6,22,9,4,31
18,E2-9-7,29,13,5,38
18,E2-9-8,19,5,3,28
18,E2-10-1,28,9,4,37
18,E2-10-2,26,5,3,35
18,E2-10-3,26,5,3,35
18,E2-10-4,24,8,5,33
18,E2-10-5,28,11,5,37
18,E2-10-6,27,6,4,36
18,E2-10-7,20,6,4,29
18,E2-10-8,20,5,3,29
18,E2-11-1,21,6,4,30
18,E2-11-2,28,8,5,37
18,E2-11-3,24,6,3,33
18,E2-11-4,18,6,3,27
18,E2-11-5,26,7,3,35
18,E2-11-6,20,6,3,29
18,E2-11-8,26,6,5,35
18,E2-12-1,24,10,6,33
18,E2-12-2,22,9,5,31
18,E2-12-3,18,6,4,27
18,E2-12-4,24,9,5,33
18,E2-12-5,26,12,5,35
18,E2-12-6,22,10,5,31
18,E2-12-7,28,10,6,37
18,E2-12-8,23,5,3,32
18,E2-13-1,23,4,4,32
18,E2-13-2,18,5,3,27
18,E2-13-3,23,5,3,32
18,E2-13-4,27,11,6,36
18,E2-13-5,26,7,4,35
18,E2-13-6,23,7,5,32
18,E2-13-7,20,7,3,29
18,E2-13-8,28,6,3,37
18,E2-14-2,23,7,3,32
18,E2-14-3,27,13,5,36
18,E2-14-4,26,6,3,35
18,E2-14-5,23,5,3,32
18,E2-14-6,20,4,2,29
18,E2-14-7,22,8,5,31
18,E2-14-8,30,11,5,39
18,E2-15-1,19,6,3,28
18,E2-15-3,26,9,3,35
18,E2-15-4,26,8,5,35
18,E2-15-5,22,10,6,31
18,E2-15-6,20,6,3,29
18,E2-15-8,20,5,3,29
19,E3-1-1,23,7,3,32
19,E3-1-2,24,5,3,33
19,E3-1-3,21,5,4,30
19,E3-1-4,22,6,2,31
19,E3-1-5,30,6,4,39
19,E3-1-6,22,6,4,31
19,E3-1-7,30,7,4,39
19,E3-1-8,23,7,4,32
19,E3-2-1,3,8,5,42
19,E3-2-2,23,7,5,32
19,E3-2-3,18,6,3,27
19,E3-2-4,25,8,6,34
19,E3-2-5,28,10,5,37
19,E3-2-7,30,16,5,39
19,E3-2-8,28,9,4,37
19,E3-3-1,25,8,4,34
19,E3-3-2,18,5,2,27
19,E3-3-3,28,6,3,37
19,E3-3-6,18,5,2,27
19,E3-3-8,19,4,2,28
19,E3-4-1,22,8,3,31
19,E3-4-2,26,7,3,35
19,E3-4-3,24,11,6,33
19,E3-4-6,19,6,3,28
19,E3-4-7,24,8,4,33
19,E3-4-8,23,8,4,32
19,E3-5-1,26,5,3,35
19,E3-5-2,21,8,4,30
19,E3-5-3,17,5,2,26
19,E3-5-4,19,6,4,28
19,E3-5-5,21,6,3,30
19,E3-5-6,26,11,6,35
19,E3-5-7,24,11,6,33
19,E3-5-8,28,10,6,37
19,E3-6-1,28,16,4,37
19,E3-6-2,29,10,5,38
19,E3-6-3,25,7,6,34
19,E3-6-4,30,11,3,39
19,E3-6-5,26,8,5,35
19,E3-6-6,25,5,2,34
19,E3-6-7,29,7,5,38
19,E3-6-8,20,5,3,29
19,E3-7-1,21,6,3,30
19,E3-7-2,28,13,6,37
19,E3-7-3,18,6,3,27
19,E3-7-4,28,6,3,37
19,E3-7-5,21,7,5,30
19,E3-7-6,22,8,4,31
19,E3-7-7,21,6,3,30
19,E3-8-1,21,8,2,30
19,E3-8-2,20,6,4,29
19,E3-8-3,19,6,4,28
19,E3-8-4,19,5,3,28
19,E3-8-5,19,4,3,28
19,E3-8-6,1,16,8,40
19,E3-8-7,19,6,3,28
19,E3-8-8,25,12,5,34
19,E3-10-1,23,5,9,32
19,E3-10-2,24,6,4,33
19,E3-10-3,28,13,6,37
19,E3-10-4,20,6,2,29
19,E3-10-5,25,6,4,34
19,E3-10-7,3,11,6,42
19,E3-10-8,3,13,5,42
19,E3-11-1,24,8,3,33
19,E3-11-2,29,8,6,38
19,E3-11-3,25,9,4,34
19,E3-11-4,24,5,3,33
19,E3-11-5,21,5,3,30
19,E3-11-6,25,12,5,34
19,E3-11-7,25,8,4,34
19,E3-12-1,20,5,3,29
19,E3-12-2,19,5,3,28
19,E3-12-3,25,9,5,34
19,E3-12-4,29,10,6,38
19,E3-12-5,27,16,7,36
19,E3-12-6,29,13,5,38
19,E3-12-7,24,8,4,33
19,E3-12-8,25,11,5,34
19,E3-13-1,24,10,5,33
19,E3-13-2,20,5,3,29
19,E3-13-3,24,7,5,33
19,E3-13-4,25,5,2,34
19,E3-13-5,24,7,3,33
19,E3-13-6,28,12,5,37
19,E3-13-7,27,12,5,36
19,E3-13-8,17,5,2,26
19,E3-14-1,21,6,4,30
19,E3-14-2,18,4,3,27
19,E3-14-3,17,4,2,26
19,E3-14-4,20,6,6,29
19,E3-14-5,22,7,2,31
19,E3-14-6,22,6,3,31
19,E3-14-7,19,6,1,28
19,E3-14-8,26,11,5,35
19,E3-15-1,28,13,4,37
19,E3-15-2,28,8,5,37
19,E3-15-3,25,8,4,34
19,E3-15-4,24,5,3,33
19,E3-15-5,20,5,2,29
19,E3-15-6,21,5,3,30
19,E3-15-7,25,9,5,34
19,E3-15-8,24,8,5,33
20,E4-1-1,23,4,2,32
20,E4-1-4,28,12,5,37
20,E4-1-8,9,9,6,48
20,E4-2-1,1,11,6,40
20,E4-2-2,21,6,2,30
20,E4-2-3,3,10,6,42
20,E4-2-4,4,12,5,43
20,E4-2-6,23,7,3,32
20,E4-2-7,28,13,6,37
20,E4-2-8,1,9,5,40
20,E4-3-2,24,6,1,33
20,E4-3-3,5,21,7,44
20,E4-3-4,25,5,1,34
20,E4-3-5,6,12,7,45
20,E4-3-6,25,5,2,34
20,E4-3-7,18,4,2,27
20,E4-3-8,4,15,5,43
20,E4-4-2,9,20,7,48
20,E4-4-3,21,5,2,30
20,E4-4-4,3,8,4,42
20,E4-4-5,30,10,6,39
20,E4-4-6,30,8,4,39
20,E4-4-7,20,5,2,29
20,E4-4-8,1,14,8,40
20,E4-5-1,23,3,1,32
20,E4-5-2,4,10,5,43
20,E4-5-3,4,11,7,43
20,E4-5-5,24,6,3,33
20,E4-5-6,8,17,6,47
20,E4-5-7,30,7,4,39
20,E4-5-8,27,6,3,36
20,E4-6-1,22,4,2,31
20,E4-6-2,30,12,6,39
20,E4-6-3,30,8,4,39
20,E4-6-4,29,6,5,38
20,E4-6-5,2,17,6,41
20,E4-6-6,24,6,3,33
20,E4-6-7,4,11,5,43
20,E4-7-1,30,11,6,39
20,E4-7-2,20,4,2,29
20,E4-7-3,28,11,6,37
20,E4-7-4,28,9,2,37
20,E4-7-5,30,11,5,39
20,E4-7-6,28,8,5,37
20,E4-7-7,28,14,6,37
20,E4-7-8,2,8,5,41
20,E4-8-1,5,14,7,44
20,E4-8-2,27,7,5,36
20,E4-8-3,28,6,3,37
20,E4-8-6,21,4,1,30
20,E4-8-7,28,10,6,37
20,E4-9-1,25,8,5,34
20,E4-9-2,28,8,4,37
20,E4-9-3,26,7,3,35
20,E4-9-4,4,11,5,43
20,E4-9-5,25,6,1,34
20,E4-9-6,28,9,5,37
20,E4-9-7,25,6,2,34
20,E4-9-8,27,5,2,36
20,E4-10-2,26,7,4,35
20,E4-10-3,28,5,1,37
20,E4-10-4,28,5,3,37
20,E4-10-6,19,5,1,28
20,E4-10-7,22,6,2,31
20,E4-11-1,20,4,2,29
20,E4-11-2,26,6,3,35
20,E4-11-4,25,6,1,34
20,E4-11-6,1,10,6,40
20,E4-11-8,30,12,7,39
20,E4-12-2,9,22,10,48
20,E4-12-3,23,7,3,32
20,E4-12-4,19,5,1,28
20,E4-12-5,27,5,2,36
20,E4-12-6,24,5,1,33
20,E4-12-7,4,15,8,43
20,E4-12-8,26,4,2,35
20,E4-13-1,27,10,4,36
20,E4-13-2,27,8,4,36
20,E4-13-3,20,6,2,29
20,E4-13-6,28,7,5,37
20,E4-13-8,23,9,4,32
20,E4-14-2,20,5,1,29
20,E4-14-3,29,8,3,38
20,E4-14-4,4,18,7,43
20,E4-14-5,29,10,6,38
20,E4-14-6,7,14,5,46
20,E4-14-7,5,15,6,44
20,E4-14-8,22,5,3,31
20,E4-15-1,20,5,1,29
20,E4-15-2,20,5,1,29
20,E4-15-5,3,12,4,42
20,E4-15-6,28,10,5,37
20,E4-15-7,6,16,5,45
20,E4-15-8,11,20,7,20
21,F1-1-1,9,13,5,48
21,F1-1-2,18,5,2,27
21,F1-1-3,27,7,4,36
21,F1-1-4,19,5,2,28
21,F1-1-5,26,7,3,35
21,F1-1-6,30,7,5,39
21,F1-1-8,22,6,3,31
21,F1-2-1,28,7,5,37
21,F1-2-2,28,6,5,37
21,F1-2-3,26,6,4,35
21,F1-2-4,25,8,5,34
21,F1-2-5,26,8,4,35
21,F1-2-6,29,12,8,38
21,F1-2-7,26,5,3,35
21,F1-2-8,26,9,6,35
21,F1-3-1,28,5,4,37
21,F1-3-2,23,7,5,32
21,F1-3-3,28,7,4,37
21,F1-3-4,20,4,2,29
21,F1-3-5,21,6,3,30
21,F1-3-6,26,11,7,35
21,F1-3-7,25,8,5,34
21,F1-3-8,21,5,2,30
21,F1-4-1,29,11,6,38
21,F1-4-2,2,10,3,41
21,F1-4-4,29,9,5,38
21,F1-4-5,22,6,3,31
21,F1-4-6,4,14,5,43
21,F1-4-7,26,6,4,35
21,F1-4-8,29,10,4,38
21,F1-5-1,29,8,5,38
21,F1-5-2,26,6,3,35
21,F1-5-3,28,5,3,37
21,F1-5-4,29,6,3,38
21,F1-5-5,5,10,4,44
21,F1-5-6,4,7,4,43
21,F1-5-7,22,7,3,31
21,F1-5-8,2,16,8,41
21,F1-6-1,25,7,3,34
21,F1-6-2,25,11,5,34
21,F1-6-3,22,7,4,31
21,F1-6-5,30,8,6,39
21,F1-6-6,4,10,6,43
21,F1-6-8,29,13,5,38
21,F1-7-1,3,17,5,42
21,F1-7-2,19,5,2,28
21,F1-7-3,21,5,3,30
21,F1-7-4,28,11,6,37
21,F1-7-6,24,8,2,33
21,F1-7-7,29,13,6,38
21,F1-8-1,19,5,3,28
21,F1-8-2,25,8,5,34
21,F1-8-3,19,5,3,28
21,F1-8-4,25,7,4,34
21,F1-8-5,27,9,4,36
21,F1-8-6,23,8,5,32
21,F1-8-7,2,12,6,41
21,F1-8-8,21,5,3,30
21,F1-9-1,27,10,5,36
21,F1-9-2,23,8,6,32
21,F1-9-3,30,6,4,39
21,F1-9-4,25,7,4,34
21,F1-9-5,2,10,3,41
21,F1-9-6,29,7,5,38
21,F1-9-8,3,9,5,42
21,F1-10-2,8,11,7,47
21,F1-10-4,24,5,2,33
21,F1-10-5,3,7,3,42
21,F1-10-6,27,7,3,36
21,F1-10-7,21,6,2,30
21,F1-10-8,25,9,4,34
21,F1-11-1,28,7,5,37
21,F1-11-3,29,4,5,38
21,F1-11-4,23,8,3,32
21,F1-11-5,25,9,6,34
21,F1-11-7,26,9,5,35
21,F1-11-8,9,14,9,48
21,F1-12-1,25,8,5,34
21,F1-12-2,19,5,2,28
21,F1-12-4,25,9,4,34
21,F1-12-5,24,9,6,33
21,F1-12-6,26,6,2,35
21,F1-12-7,25,8,5,34
21,F1-12-8,24,7,4,33
21,F1-13-1,22,5,3,31
21,F1-13-2,27,8,4,36
21,F1-13-4,23,6,2,32
21,F1-13-5,21,6,3,30
21,F1-13-6,24,6,3,33
21,F1-13-7,26,9,5,35
21,F1-13-8,24,8,3,33
21,F1-14-1,1,12,7,40
21,F1-14-4,20,5,2,29
21,F1-14-6,27,8,6,36
21,F1-14-7,19,5,4,28
21,F1-15-1,28,9,4,37
21,F1-15-2,29,7,4,38
21,F1-15-3,22,4,2,31
21,F1-15-4,30,7,4,39
21,F1-15-5,26,5,3,35
21,F1-15-6,28,5,2,37
21,F1-15-7,5,9,3,44
22,F2-1-1,25,6,3,34
22,F2-1-2,1,11,6,40
22,F2-1-3,23,7,4,32
22,F2-1-4,26,10,6,35
22,F2-1-5,19,4,2,28
22,F2-1-6,30,9,5,39
22,F2-1-7,25,5,2,34
22,F2-2-2,24,6,4,33
22,F2-2-3,26,8,5,35
22,F2-2-5,30,11,6,39
22,F2-2-6,25,5,3,34
22,F2-2-7,28,7,3,37
22,F2-2-8,28,9,5,37
22,F2-3-3,3,9,4,42
22,F2-3-4,2,16,9,41
22,F2-3-5,26,10,6,35
22,F2-3-6,29,11,5,38
22,F2-3-7,27,5,3,36
22,F2-4-1,30,8,4,39
22,F2-4-2,5,9,7,44
22,F2-4-3,24,6,3,33
22,F2-4-4,25,6,3,34
22,F2-4-5,28,8,4,37
22,F2-4-7,21,4,2,30
22,F2-4-8,25,6,4,34
22,F2-5-1,29,12,4,38
22,F2-5-3,29,13,7,38
22,F2-5-4,7,9,7,46
22,F2-5-5,6,11,6,45
22,F2-5-6,24,5,3,33
22,F2-5-7,1,10,5,40
22,F2-5-8,28,9,5,37
22,F2-6-1,28,8,4,37
22,F2-6-2,25,9,4,34
22,F2-6-3,7,12,5,46
22,F2-6-4,5,11,7,44
22,F2-6-5,3,7,5,42
22,F2-6-6,25,5,3,34
22,F2-6-7,17,4,3,26
22,F2-7-1,19,5,2,28
22,F2-7-2,2,8,7,41
22,F2-7-3,3,8,5,42
22,F2-7-4,7,10,6,46
22,F2-7-5,23,5,3,32
22,F2-7-6,26,6,4,35
22,F2-7-7,1,14,7,40
22,F2-8-1,20,4,3,29
22,F2-8-2,4,15,8,43
22,F2-8-3,3,14,5,42
22,F2-8-4,28,8,5,37
22,F2-8-5,21,5,3,30
22,F2-8-7,27,7,4,36
22,F2-8-8,21,4,3,30
22,F2-9-2,29,12,4,38
22,F2-9-3,20,4,2,29
22,F2-9-4,3,7,4,42
22,F2-9-6,3,7,4,42
22,F2-9-8,27,8,4,36
22,F2-10-2,30,7,4,39
22,F2-10-3,23,6,2,32
22,F2-10-5,25,5,3,34
22,F2-10-6,30,11,7,39
22,F2-11-1,21,5,3,30
22,F2-11-3,28,9,5,37
22,F2-11-6,19,5,2,28
22,F2-11-7,20,4,3,29
22,F2-11-8,26,5,2,35
22,F2-12-1,21,7,5,30
22,F2-12-2,30,7,5,39
22,F2-12-4,25,5,2,34
22,F2-12-5,28,6,4,37
22,F2-12-6,3,6,4,42
22,F2-12-7,6,9,5,45
22,F2-12-8,21,5,3,30
22,F2-13-1,27,8,5,36
22,F2-13-2,6,7,3,45
22,F2-13-5,24,5,5,33
22,F2-13-6,30,9,5,39
22,F2-13-8,22,5,3,31
22,F2-14-2,27,10,5,36
22,F2-14-3,28,9,5,37
22,F2-14-4,30,14,6,39
22,F2-14-5,19,6,2,28
22,F2-14-7,21,6,3,30
22,F2-14-8,24,6,2,33
22,F2-15-2,28,10,4,37
22,F2-15-4,23,6,2,32
22,F2-15-6,16,6,4,25
22,F2-15-7,4,10,3,43
22,F2-15-8,25,8,3,34
23,F3-1-1,24,6,2,33
23,F3-1-2,27,8,4,36
23,F3-1-3,24,9,4,33
23,F3-1-4,21,7,3,30
23,F3-1-6,28,12,6,37
23,F3-1-7,16,4,2,25
23,F3-1-8,3,10,4,42
23,F3-2-2,29,12,4,38
23,F3-2-5,28,7,4,37
23,F3-2-6,4,10,4,43
23,F3-2-7,21,4,3,30
23,F3-2-8,28,5,3,37
23,F3-3-1,24,9,4,33
23,F3-3-2,24,7,4,33
23,F3-3-3,28,13,8,37
23,F3-3-5,3,9,5,42
23,F3-3-6,23,6,2,32
23,F3-3-7,20,5,3,29
23,F3-3-8,20,5,3,29
23,F3-4-3,25,7,5,34
23,F3-4-5,1,9,5,40
23,F3-4-6,18,6,3,27
23,F3-4-7,22,5,2,31
23,F3-4-8,25,6,5,34
23,F3-5-1,20,5,3,29
23,F3-5-2,28,10,7,37
23,F3-5-6,27,9,6,36
23,F3-5-7,27,11,5,36
23,F3-5-8,28,9,4,37
23,F3-6-1,23,4,2,32
23,F3-6-3,25,9,5,34
23,F3-6-4,22,5,4,31
23,F3-6-6,28,8,5,37
23,F3-6-7,25,5,3,34
23,F3-6-8,4,10,5,43
23,F3-7-3,24,7,3,33
23,F3-7-4,1,16,7,40
23,F3-7-5,21,5,2,30
23,F3-7-6,22,5,3,31
23,F3-7-7,30,14,6,39
23,F3-7-8,5,11,5,44
23,F3-8-1,21,5,4,30
23,F3-8-2,3,8,5,42
23,F3-8-4,30,12,6,39
23,F3-8-5,28,11,6,37
23,F3-8-6,28,8,3,37
23,F3-8-7,28,9,5,37
23,F3-8-8,22,6,2,31
23,F3-9-1,21,6,3,30
23,F3-9-2,19,5,2,28
23,F3-9-3,27,11,6,36
23,F3-9-5,24,8,3,33
23,F3-9-6,23,4,3,32
23,F3-9-8,23,8,5,32
23,F3-10-1,6,7,4,45
23,F3-10-2,24,5,2,33
23,F3-10-3,29,10,5,38
23,F3-10-4,20,6,3,29
23,F3-10-5,22,8,5,31
23,F3-10-8,19,5,2,28
23,F3-11-1,9,9,6,48
23,F3-11-2,23,8,4,32
23,F3-11-3,25,6,3,34
23,F3-11-4,28,5,3,37
23,F3-11-5,18,5,3,27
23,F3-11-6,17,8,4,26
23,F3-11-7,23,4,3,32
23,F3-11-8,1,10,4,40
23,F3-12-1,29,8,6,38
23,F3-12-2,23,6,3,32
23,F3-12-3,21,4,3,30
23,F3-12-4,29,7,3,38
23,F3-12-5,1,15,6,40
23,F3-12-6,5,16,7,44
23,F3-12-7,4,10,4,43
23,F3-12-8,27,13,6,36
23,F3-13-1,24,5,3,33
23,F3-13-2,28,8,7,37
23,F3-13-4,28,15,6,37
23,F3-13-6,26,5,3,35
23,F3-13-7,16,4,2,25
23,F3-13-8,30,15,7,39
23,F3-14-1,26,10,4,35
23,F3-14-3,26,8,3,35
23,F3-14-4,24,5,4,33
23,F3-14-7,20,4,3,29
23,F3-15-3,21,4,3,30
23,F3-15-4,25,7,4,34
23,F3-15-5,20,4,2,29
23,F3-15-6,17,4,2,26
23,F3-15-7,3,7,4,42
23,F3-15-8,29,14,9,38
24,F4-1-1,27,7,3,36
24,F4-1-2,25,6,4,34
24,F4-1-3,22,5,4,31
24,F4-1-4,28,6,3,37
24,F4-1-5,16,4,2,25
24,F4-1-6,6,14,4,45
24,F4-1-7,29,9,5,38
24,F4-1-8,25,6,4,34
24,F4-2-1,21,5,2,30
24,F4-2-2,21,7,5,30
24,F4-2-3,23,7,4,32
24,F4-2-4,26,8,4,35
24,F4-2-5,17,5,3,26
24,F4-2-6,1,14,6,40
24,F4-4-1,27,10,5,36
24,F4-4-2,5,9,3,44
24,F4-4-3,22,6,4,31
24,F4-4-4,29,6,2,38
24,F4-4-5,29,6,5,38
24,F4-4-6,25,5,3,34
24,F4-4-7,20,6,3,29
24,F4-4-8,6,9,5,45
24,F4-5-1,28,6,2,37
24,F4-5-2,24,7,4,33
24,F4-5-6,28,6,3,37
24,F4-5-7,21,6,3,30
24,F4-5-8,21,5,3,30
24,F4-6-1,25,6,5,34
24,F4-6-2,4,13,5,43
24,F4-6-4,25,6,2,34
24,F4-6-6,22,5,3,31
24,F4-6-7,23,7,5,32
24,F4-6-8,29,12,4,38
24,F4-7-1,29,14,5,38
24,F4-7-2,18,5,2,27
24,F4-7-3,23,8,3,32
24,F4-7-4,6,13,4,45
24,F4-7-5,3,12,6,42
24,F4-7-7,6,14,7,45
24,F4-7-8,29,13,7,38
24,F4-8-1,10,11,5,49
24,F4-8-2,3,9,6,42
24,F4-8-3,26,9,5,35
24,F4-8-4,29,9,4,38
24,F4-8-5,29,12,5,38
24,F4-8-6,26,12,6,35
24,F4-8-7,29,12,5,38
24,F4-8-8,23,6,3,32
24,F4-9-1,29,6,3,38
24,F4-9-2,18,5,2,27
24,F4-9-3,18,5,2,27
24,F4-9-4,26,8,3,35
24,F4-9-5,22,6,3,31
24,F4-9-6,330,6,2,339
24,F4-9-7,6,9,4,45
24,F4-9-8,26,11,5,35
24,F4-10-2,26,6,3,35
24,F4-10-3,2,16,7,41
24,F4-10-4,5,9,5,44
24,F4-10-6,24,6,5,33
24,F4-10-7,20,4,3,29
24,F4-10-8,21,5,2,30
24,F4-11-1,20,6,2,29
24,F4-11-3,29,11,6,38
24,F4-11-4,3,6,4,42
24,F4-11-5,26,8,5,35
24,F4-11-6,27,6,4,36
24,F4-11-7,6,10,6,45
24,F4-11-8,21,4,2,30
24,F4-12-1,7,14,5,46
24,F4-12-4,21,6,2,30
24,F4-12-5,3,8,5,42
24,F4-12-6,28,10,5,37
24,F4-12-7,6,8,5,45
24,F4-12-8,5,20,8,44
24,F4-13-1,25,9,4,34
24,F4-13-4,7,22,7,46
24,F4-13-5,4,11,5,43
24,F4-13-6,25,9,5,34
24,F4-13-7,23,9,5,32
24,F4-13-8,29,10,5,38
24,F4-14-2,21,5,2,30
24,F4-14-3,1,10,4,40
24,F4-14-4,24,4,2,33
24,F4-14-5,22,5,3,31
24,F4-14-6,29,8,4,38
24,F4-14-7,29,7,4,38
24,F4-15-1,24,7,2,33
24,F4-15-2,5,14,7,44
24,F4-15-3,19,5,2,28
24,F4-15-5,29,6,4,38
24,F4-15-6,21,5,2,30
24,F4-15-7,25,5,3,34
24,F4-15-8,30,10,3,39
25,G1-2-1,30,6,3,39
25,G1-2-2,25,8,6,34
25,G1-2-3,29,9,5,38
25,G1-2-4,24,6,3,33
25,G1-2-5,30,7,5,39
25,G1-2-6,25,6,3,34
25,G1-2-7,21,6,3,30
25,G1-2-8,2,11,6,41
25,G1-3-2,25,7,4,34
25,G1-3-3,25,7,4,34
25,G1-3-4,5,19,5,44
25,G1-3-5,30,15,8,39
25,G1-3-7,22,5,4,31
25,G1-4-1,22,8,5,31
25,G1-4-2,25,6,3,34
25,G1-4-3,22,7,4,31
25,G1-4-4,28,8,4,37
25,G1-4-5,5,18,7,44
25,G1-4-6,25,10,6,34
25,G1-4-7,25,10,5,34
25,G1-4-8,19,5,3,28
25,G1-5-1,25,7,5,34
25,G1-5-2,26,8,5,35
25,G1-5-3,28,11,5,37
25,G1-5-4,1,7,7,40
25,G1-5-5,3,12,5,42
25,G1-5-6,27,7,4,36
25,G1-5-7,30,8,4,39
25,G1-5-8,4,10,4,43
25,G1-6-1,20,5,3,29
25,G1-6-2,28,10,4,37
25,G1-6-4,30,13,6,39
25,G1-6-5,23,5,3,32
25,G1-6-6,25,9,3,34
25,G1-6-7,29,6,5,38
25,G1-6-8,4,16,6,43
25,G1-7-1,25,5,2,34
25,G1-7-2,24,6,3,33
25,G1-7-3,28,9,4,37
25,G1-7-4,24,5,1,33
25,G1-7-5,22,6,3,31
25,G1-7-6,23,8,6,32
25,G1-7-7,27,9,5,36
25,G1-7-8,22,5,2,31
25,G1-8-1,3,9,7,42
25,G1-8-2,29,5,3,38
25,G1-8-3,3,8,3,42
25,G1-8-4,17,4,2,26
25,G1-8-5,19,5,2,28
25,G1-8-6,25,7,5,34
25,G1-8-7,29,12,5,38
25,G1-8-8,29,11,7,38
25,G1-9-1,23,5,3,32
25,G1-9-2,19,4,3,28
25,G1-9-3,1,9,6,40
25,G1-9-4,29,7,5,38
25,G1-9-6,25,9,5,34
25,G1-9-7,22,7,6,31
25,G1-9-8,23,7,3,32
25,G1-10-1,21,5,2,30
25,G1-10-2,4,14,6,43
25,G1-10-3,30,5,4,39
25,G1-10-4,25,6,3,34
25,G1-10-6,24,6,6,33
25,G1-10-7,30,7,5,39
25,G1-10-8,21,6,3,30
25,G1-11-1,5,9,4,44
25,G1-11-2,30,7,1,39
25,G1-11-3,1,8,4,40
25,G1-11-4,30,5,3,39
25,G1-11-5,23,6,3,32
25,G1-11-6,26,7,5,35
25,G1-11-7,22,4,3,31
25,G1-11-8,3,8,5,42
25,G1-12-1,26,11,5,35
25,G1-12-2,22,6,3,31
25,G1-12-3,28,6,2,37
25,G1-12-4,21,5,2,30
25,G1-12-6,25,4,4,34
25,G1-12-7,22,4,3,31
25,G1-12-8,26,8,4,35
25,G1-13-1,1,13,5,40
25,G1-13-2,28,9,4,37
25,G1-13-3,3,15,8,42
25,G1-13-4,25,5,3,34
25,G1-13-5,20,5,2,29
25,G1-13-7,18,5,3,27
25,G1-13-8,25,8,4,34
25,G1-14-1,30,8,4,39
25,G1-14-2,28,12,6,37
25,G1-14-3,18,5,3,27
25,G1-14-4,21,4,3,30
25,G1-14-5,22,5,3,31
25,G1-14-6,29,13,7,38
25,G1-14-7,20,5,3,29
25,G1-14-8,28,10,6,37
25,G1-15-1,5,15,5,44
25,G1-15-3,25,8,4,34
25,G1-15-4,29,6,2,38
25,G1-15-5,30,9,7,39
25,G1-15-7,29,10,5,38
25,G1-15-8,28,8,5,37
26,G2-1-2,1,12,4,40
26,G2-1-3,25,7,3,34
26,G2-1-4,22,6,2,31
26,G2-1-5,27,6,2,36
26,G2-1-6,22,3,3,31
26,G2-1-7,19,6,3,28
26,G2-1-8,22,6,3,31
26,G2-2-1,25,7,2,34
26,G2-2-2,22,6,3,31
26,G2-2-3,27,7,6,36
26,G2-2-4,28,7,4,37
26,G2-2-5,5,17,7,44
26,G2-2-6,22,8,4,31
26,G2-2-7,18,5,2,27
26,G2-2-8,22,6,1,31
26,G2-3-1,20,6,3,29
26,G2-3-2,19,6,3,28
26,G2-3-3,24,5,2,33
26,G2-3-4,30,10,4,39
26,G2-3-5,20,6,3,29
26,G2-3-6,26,6,4,35
26,G2-3-7,24,9,6,33
26,G2-3-8,26,6,6,35
26,G2-4-1,20,4,3,29
26,G2-4-2,24,4,3,33
26,G2-4-3,21,6,3,30
26,G2-4-4,19,5,2,28
26,G2-4-5,21,6,4,30
26,G2-4-6,20,6,2,29
26,G2-4-7,21,4,4,30
26,G2-4-8,19,4,3,28
26,G2-5-1,23,6,3,32
26,G2-5-2,24,8,5,33
26,G2-5-3,29,6,4,38
26,G2-5-4,30,15,7,39
26,G2-5-6,25,6,3,34
26,G2-5-7,28,10,6,37
26,G2-5-8,20,6,3,29
26,G2-6-1,18,5,2,27
26,G2-6-2,24,10,5,33
26,G2-6-3,29,13,7,38
26,G2-6-4,24,7,6,33
26,G2-6-5,28,10,3,37
26,G2-6-6,26,11,5,35
26,G2-6-7,9,12,7,48
26,G2-6-8,28,12,7,37
26,G2-7-1,23,6,2,32
26,G2-7-3,23,7,5,32
26,G2-7-4,26,10,6,35
26,G2-7-5,18,6,1,27
26,G2-7-6,28,18,7,37
26,G2-7-7,24,8,5,33
26,G2-7-8,28,9,6,37
26,G2-8-1,19,5,2,28
26,G2-8-2,27,11,5,36
26,G2-8-3,28,11,6,37
26,G2-8-4,29,8,4,38
26,G2-8-5,20,5,3,29
26,G2-8-6,23,8,4,32
26,G2-8-7,27,13,4,36
26,G2-8-8,22,6,2,31
26,G2-9-1,30,8,5,39
26,G2-9-2,28,15,8,37
26,G2-9-3,30,9,6,39
26,G2-9-4,20,6,3,29
26,G2-9-5,29,8,5,38
26,G2-9-6,21,6,3,30
26,G2-9-7,1,11,8,40
26,G2-9-8,26,9,5,35
26,G2-10-1,28,11,6,37
26,G2-10-2,25,9,6,34
26,G2-10-3,15,4,2,24
26,G2-10-4,4,15,7,43
26,G2-10-5,30,12,5,39
26,G2-10-6,26,9,9,35
26,G2-10-7,25,6,5,34
26,G2-10-8,4,15,5,43
26,G2-11-1,28,10,5,37
26,G2-11-2,2,11,6,41
26,G2-11-3,29,13,4,38
26,G2-11-4,25,4,3,34
26,G2-11-5,30,9,6,39
26,G2-11-6,25,7,3,34
26,G2-11-8,25,4,3,34
26,G2-12-2,1,13,6,40
26,G2-12-3,30,11,6,39
26,G2-12-4,28,9,4,37
26,G2-12-5,22,5,2,31
26,G2-12-6,26,9,4,35
26,G2-12-7,28,12,8,37
26,G2-12-8,27,10,5,36
26,G2-13-1,18,5,2,27
26,G2-13-2,18,6,2,27
26,G2-13-3,1,19,7,40
26,G2-13-4,18,5,3,27
26,G2-13-5,29,13,8,38
26,G2-13-6,29,14,9,38
26,G2-13-7,3,12,7,42
26,G2-13-8,20,6,2,29
26,G2-14-1,19,5,2,28
26,G2-14-2,7,16,6,46
26,G2-14-4,21,5,3,30
26,G2-14-5,21,7,4,30
26,G2-14-6,25,6,3,34
26,G2-14-7,25,11,5,34
26,G2-14-8,18,4,3,27
26,G2-15-2,21,4,2,30
26,G2-15-3,21,6,3,30
26,G2-15-5,6,13,5,45
26,G2-15-6,25,11,5,34
26,G2-15-7,28,10,6,37
26,G2-15-8,23,7,4,32
27,G3-1-1,4,11,6,43
27,G3-1-2,27,7,3,36
27,G3-1-3,30,12,7,39
27,G3-1-5,26,5,2,35
27,G3-1-6,30,9,6,39
27,G3-1-7,1,12,5,40
27,G3-2-1,8,22,5,47
27,G3-2-3,28,9,6,37
27,G3-2-4,27,6,4,36
27,G3-2-5,5,10,5,44
27,G3-2-7,22,4,3,31
27,G3-2-8,28,4,2,37
27,G3-3-2,9,12,8,48
27,G3-3-3,24,6,3,33
27,G3-3-4,24,8,4,33
27,G3-3-5,24,8,7,33
27,G3-3-6,17,5,2,26
27,G3-3-7,28,11,5,37
27,G3-3-8,27,10,5,36
27,G3-4-1,25,8,5,34
27,G3-4-2,27,8,5,36
27,G3-4-3,7,18,7,46
27,G3-4-4,25,11,4,34
27,G3-4-5,5,13,5,44
27,G3-4-6,5,14,6,44
27,G3-4-7,18,6,3,27
27,G3-4-8,30,8,6,39
27,G3-5-2,1,12,6,40
27,G3-5-3,21,4,3,30
27,G3-5-4,29,9,5,38
27,G3-5-5,1,17,9,40
27,G3-5-6,27,11,6,36
27,G3-5-7,20,4,3,29
27,G3-5-8,26,7,4,35
27,G3-6-3,30,11,6,39
27,G3-6-4,19,5,2,28
27,G3-6-5,26,7,3,35
27,G3-6-6,26,8,4,35
27,G3-6-7,20,4,3,29
27,G3-6-8,24,5,2,33
27,G3-7-1,28,7,3,37
27,G3-7-2,24,8,4,33
27,G3-7-3,28,7,4,37
27,G3-7-4,20,4,2,29
27,G3-7-5,25,10,5,34
27,G3-7-6,2,15,7,41
27,G3-7-7,27,12,7,36
27,G3-7-8,1,12,6,40
27,G3-8-2,24,8,5,33
27,G3-8-3,28,8,5,37
27,G3-8-4,4,13,7,43
27,G3-8-5,5,7,3,44
27,G3-8-6,19,5,3,28
27,G3-8-7,4,10,4,43
27,G3-8-8,2,4,0,41
27,G3-9-1,29,10,5,38
27,G3-9-2,21,7,4,30
27,G3-9-4,29,10,4,38
27,G3-9-5,27,7,4,36
27,G3-9-6,23,6,3,32
27,G3-9-7,27,8,5,36
27,G3-9-8,28,5,5,37
27,G3-10-1,26,5,3,35
27,G3-10-2,18,5,3,27
27,G3-10-3,21,5,2,30
27,G3-10-4,8,20,11,47
27,G3-10-5,23,6,4,32
27,G3-10-6,30,9,7,39
27,G3-10-8,24,6,2,33
27,G3-11-1,25,9,6,34
27,G3-11-2,4,10,6,43
27,G3-11-4,24,4,2,33
27,G3-11-5,26,4,2,35
27,G3-11-6,5,8,4,44
27,G3-11-7,29,9,5,38
27,G3-11-8,29,6,3,38
27,G3-12-1,23,5,4,32
27,G3-12-2,24,7,3,33
27,G3-12-3,24,4,3,33
27,G3-12-4,28,10,4,37
27,G3-12-6,24,6,2,33
27,G3-12-7,3,17,7,42
27,G3-12-8,1,6,5,40
27,G3-13-1,25,8,4,34
27,G3-13-2,26,7,4,35
27,G3-13-3,22,5,2,31
27,G3-13-5,22,7,2,31
27,G3-13-8,3,11,4,42
27,G3-14-1,25,8,4,34
27,G3-14-2,29,11,6,38
27,G3-14-3,25,11,6,34
27,G3-14-4,25,6,4,34
27,G3-14-5,1,15,8,40
27,G3-14-6,29,10,6,38
27,G3-14-7,22,6,3,31
27,G3-14-8,30,13,7,39
27,G3-15-1,30,10,5,39
27,G3-15-2,25,5,1,34
27,G3-15-3,19,4,3,28
27,G3-15-4,20,6,3,29
27,G3-15-5,4,8,5,43
27,G3-15-6,28,10,5,37
27,G3-15-7,24,5,2,33
27,G3-15-8,7,11,5,46
28,G4-1-1,3,11,5,42
28,G4-1-2,2,9,5,41
28,G4-1-3,28,6,3,37
28,G4-1-6,25,4,3,34
28,G4-1-7,22,6,3,31
28,G4-1-8,28,8,5,37
28,G4-2-1,21,6,2,30
28,G4-2-2,6,9,4,45
28,G4-2-3,27,10,7,36
28,G4-2-4,27,10,6,36
28,G4-2-5,3,9,4,42
28,G4-2-7,21,8,3,30
28,G4-3-1,24,8,4,33
28,G4-3-2,21,5,1,30
28,G4-3-3,3,12,7,42
28,G4-3-4,25,9,5,34
28,G4-3-5,26,6,3,35
28,G4-3-6,29,7,6,38
28,G4-3-8,6,17,7,45
28,G4-4-1,1,11,6,40
28,G4-4-2,29,9,7,38
28,G4-4-3,5,12,8,44
28,G4-4-4,25,9,4,34
28,G4-4-5,30,10,4,39
28,G4-4-6,1,9,5,40
28,G4-4-7,28,5,5,37
28,G4-4-8,28,6,3,37
28,G4-5-1,27,8,2,36
28,G4-5-2,2,9,3,41
28,G4-5-5,28,9,4,37
28,G4-5-6,30,5,4,39
28,G4-5-7,24,5,3,33
28,G4-5-8,2,7,5,41
28,G4-6-3,8,7,6,47
28,G4-6-4,27,8,5,36
28,G4-6-8,26,10,6,35
28,G4-7-1,26,6,3,35
28,G4-7-2,28,6,4,37
28,G4-7-3,28,9,3,37
28,G4-7-4,25,5,2,34
28,G4-7-5,22,5,2,31
28,G4-7-6,25,7,4,34
28,G4-7-7,25,7,3,34
28,G4-7-8,25,5,2,34
28,G4-8-1,23,7,4,32
28,G4-8-2,1,9,6,40
28,G4-8-3,25,6,3,34
28,G4-8-4,23,4,3,32
28,G4-8-5,25,6,5,34
28,G4-8-6,4,10,6,43
28,G4-8-8,23,5,4,32
28,G4-9-1,1,13,8,40
28,G4-9-2,29,7,3,38
28,G4-9-3,10,25,9,49
28,G4-9-4,2,11,7,41
28,G4-9-5,28,8,6,37
28,G4-9-6,26,5,2,35
28,G4-9-7,1,6,3,40
28,G4-10-2,20,5,2,29
28,G4-10-3,9,10,7,48
28,G4-10-4,25,8,3,34
28,G4-10-5,21,7,5,30
28,G4-10-6,25,7,6,34
28,G4-10-7,30,14,7,39
28,G4-10-8,4,8,3,43
28,G4-11-1,26,5,3,35
28,G4-11-2,25,9,4,34
28,G4-11-3,25,9,5,34
28,G4-11-4,30,10,4,39
28,G4-11-5,8,11,8,47
28,G4-11-8,30,15,6,39
28,G4-12-2,28,12,4,37
28,G4-12-3,2,12,6,41
28,G4-12-4,27,8,5,36
28,G4-12-5,29,6,3,38
28,G4-12-6,77,9,4,86
28,G4-12-8,29,15,8,38
28,G4-13-1,22,7,5,31
28,G4-13-3,28,7,4,37
28,G4-13-4,25,8,4,34
28,G4-13-5,24,6,3,33
28,G4-13-7,5,14,5,44
28,G4-13-8,20,5,2,29
28,G4-14-1,16,4,2,25
28,G4-14-2,23,9,2,32
28,G4-14-3,21,5,3,30
28,G4-14-4,1,9,5,40
28,G4-14-5,24,6,3,33
28,G4-14-6,2,20,8,41
28,G4-14-7,30,8,7,39
28,G4-15-1,30,9,5,39
28,G4-15-2,24,6,4,33
28,G4-15-3,2,13,6,41
28,G4-15-4,27,7,2,36
28,G4-15-6,27,10,6,36
28,G4-15-7,25,7,3,34
28,G4-15-8,28,13,5,37
29,H1-1-1,4,10,8,43
29,H1-1-3,28,9,9,37
29,H1-1-4,7,16,6,46
29,H1-1-5,4,14,5,43
29,H1-1-6,23,6,2,32
29,H1-1-7,4,9,6,43
29,H1-1-8,19,4,2,28
29,H1-2-1,4,12,8,43
29,H1-2-2,30,13,7,39
29,H1-2-3,7,8,6,46
29,H1-2-4,21,5,3,30
29,H1-2-6,21,6,3,30
29,H1-2-7,24,9,5,33
29,H1-2-8,26,6,4,35
29,H1-3-1,29,11,8,38
29,H1-3-2,22,6,5,31
29,H1-3-3,27,10,6,36
29,H1-3-4,30,18,7,39
29,H1-3-5,23,6,3,32
29,H1-3-6,21,7,4,30
29,H1-3-7,4,11,7,43
29,H1-3-8,26,11,4,35
29,H1-4-1,22,9,2,31
29,H1-4-2,20,6,3,29
29,H1-4-4,30,14,8,39
29,H1-4-5,28,5,4,37
29,H1-4-6,20,6,2,29
29,H1-4-7,23,5,2,32
29,H1-4-8,24,8,3,33
29,H1-5-1,8,8,2,47
29,H1-5-3,30,6,4,39
29,H1-5-4,26,7,4,35
29,H1-5-5,4,8,4,43
29,H1-5-6,1,6,4,40
29,H1-5-7,27,10,6,36
29,H1-5-8,6,17,7,45
29,H1-6-1,4,9,7,43
29,H1-6-2,1,7,3,40
29,H1-6-3,9,11,5,48
29,H1-6-5,9,14,7,48
29,H1-6-6,28,7,4,37
29,H1-6-7,23,6,2,32
29,H1-6-8,24,6,2,33
29,H1-7-2,28,9,5,37
29,H1-7-3,23,8,3,32
29,H1-7-4,27,14,7,36
29,H1-7-5,22,6,3,31
29,H1-7-6,4,8,5,43
29,H1-7-7,28,6,4,37
29,H1-7-8,19,5,2,28
29,H1-8-2,24,5,2,33
29,H1-8-3,20,6,2,29
29,H1-8-4,25,9,7,34
29,H1-8-5,24,6,3,33
29,H1-8-6,28,9,5,37
29,H1-8-7,21,7,2,30
29,H1-8-8,28,6,2,37
29,H1-9-3,9,14,7,48
29,H1-9-4,29,8,6,38
29,H1-9-7,19,6,2,28
29,H1-9-8,26,7,4,35
29,H1-10-1,22,6,4,31
29,H1-10-4,4,11,6,43
29,H1-10-5,4,7,6,43
29,H1-10-6,24,8,3,33
29,H1-10-7,22,5,3,31
29,H1-11-1,7,10,7,46
29,H1-11-3,24,4,3,33
29,H1-11-4,4,12,7,43
29,H1-11-5,27,11,6,36
29,H1-11-7,25,4,2,34
29,H1-11-8,29,11,6,38
29,H1-12-1,23,4,3,32
29,H1-12-2,28,8,4,37
29,H1-12-3,4,9,6,43
29,H1-12-4,27,10,5,36
29,H1-12-5,4,12,8,43
29,H1-12-6,4,10,7,43
29,H1-12-7,8,11,8,47
29,H1-12-8,30,11,5,39
29,H1-13-1,26,9,5,35
29,H1-13-2,27,6,4,36
29,H1-13-3,26,8,5,35
29,H1-13-4,5,14,4,44
29,H1-13-5,19,5,2,28
29,H1-13-6,26,7,4,35
29,H1-13-7,4,13,8,43
29,H1-14-2,28,8,5,37
29,H1-14-5,4,9,6,43
29,H1-14-6,7,14,6,46
29,H1-14-7,1,10,6,40
29,H1-15-1,5,15,5,44
29,H1-15-2,4,13,8,43
29,H1-15-3,22,6,3,31
29,H1-15-4,21,6,3,30
29,H1-15-5,30,11,6,39
29,H1-15-6,24,7,3,33
29,H1-15-7,4,11,5,43
29,H1-15-8,26,8,3,35
30,H2-1-1,23,6,3,32
30,H2-1-2,23,7,4,32
30,H2-1-4,22,5,3,31
30,H2-1-5,23,4,3,32
30,H2-1-6,30,8,5,39
30,H2-1-7,25,8,4,34
30,H2-1-8,20,5,2,29
30,H2-2-2,27,10,6,36
30,H2-2-3,23,7,5,32
30,H2-2-4,30,9,3,39
30,H2-2-5,25,9,4,34
30,H2-2-6,30,11,5,39
30,H2-2-8,27,9,6,36
30,H2-3-2,27,10,7,36
30,H2-3-3,26,8,5,35
30,H2-3-4,29,11,7,38
30,H2-3-5,22,7,5,31
30,H2-3-6,21,6,2,30
30,H2-3-7,27,9,6,36
30,H2-3-8,25,6,3,34
30,H2-4-1,28,5,4,37
30,H2-4-2,29,11,5,38
30,H2-4-3,20,6,2,29
30,H2-4-4,25,9,5,34
30,H2-4-5,4,10,6,43
30,H2-4-6,21,6,3,30
30,H2-4-7,24,5,2,33
30,H2-4-8,1,8,0,40
30,H2-5-1,26,12,7,35
30,H2-5-2,24,6,3,33
30,H2-5-3,20,6,2,29
30,H2-5-4,28,6,4,37
30,H2-5-5,28,7,6,37
30,H2-5-6,21,5,3,30
30,H2-5-7,29,7,4,38
30,H2-5-8,25,8,5,34
30,H2-6-1,4,15,5,43
30,H2-6-2,23,6,3,32
30,H2-6-3,5,17,7,44
30,H2-6-4,25,7,2,34
30,H2-6-5,27,9,6,36
30,H2-6-6,27,7,6,36
30,H2-6-7,27,9,5,36
30,H2-6-8,26,10,6,35
30,H2-7-1,25,10,5,34
30,H2-7-2,4,16,6,43
30,H2-7-3,29,10,5,38
30,H2-7-4,27,12,6,36
30,H2-7-5,30,9,6,39
30,H2-7-6,27,11,6,36
30,H2-7-8,27,9,5,36
30,H2-8-1,28,9,5,37
30,H2-8-2,28,10,4,37
30,H2-8-3,23,7,4,32
30,H2-8-4,21,6,2,30
30,H2-8-5,24,5,3,33
30,H2-8-7,24,6,3,33
30,H2-8-8,25,11,5,34
30,H2-9-2,30,8,5,39
30,H2-9-5,29,7,3,38
30,H2-9-6,20,6,2,29
30,H2-9-7,22,7,5,31
30,H2-9-8,25,6,2,34
30,H2-10-1,27,13,5,36
30,H2-10-3,30,13,7,39
30,H2-10-5,4,14,5,43
30,H2-10-6,5,13,7,44
30,H2-10-7,4,12,7,43
30,H2-10-8,21,6,2,30
30,H2-11-1,4,11,3,43
30,H2-11-2,29,6,3,38
30,H2-11-3,19,5,2,28
30,H2-11-4,26,5,3,35
30,H2-11-5,4,12,5,43
30,H2-11-6,29,12,5,38
30,H2-11-8,25,7,3,34
30,H2-12-1,27,12,4,36
30,H2-12-2,29,12,6,38
30,H2-12-4,26,8,4,35
30,H2-12-5,3,13,6,42
30,H2-12-6,4,10,7,43
30,H2-12-7,30,9,5,39
30,H2-12-8,20,5,2,29
30,H2-13-1,24,7,3,33
30,H2-13-2,29,15,5,38
30,H2-13-5,22,7,3,31
30,H2-13-6,26,7,5,35
30,H2-13-7,22,7,3,31
30,H2-13-8,4,14,6,43
30,H2-14-1,4,10,5,43
30,H2-14-2,19,4,3,28
30,H2-14-3,4,11,5,43
30,H2-14-4,27,7,4,36
30,H2-14-5,3,16,7,42
30,H2-14-6,21,6,4,30
30,H2-14-7,21,6,2,30
30,H2-14-8,25,6,2,34
30,H2-15-1,27,9,4,36
30,H2-15-2,30,12,6,39
30,H2-15-3,24,8,4,33
30,H2-15-4,21,7,3,30
30,H2-15-5,30,15,8,39
30,H2-15-6,22,5,2,31
30,H2-15-7,24,8,5,33
31,H3-1-1,22,5,2,31
31,H3-1-4,24,6,1,33
31,H3-1-5,25,7,3,34
31,H3-1-6,5,23,8,44
31,H3-1-8,22,6,3,31
31,H3-2-1,29,9,5,38
31,H3-2-2,22,6,3,31
31,H3-2-5,29,12,7,38
31,H3-2-7,4,14,6,43
31,H3-2-8,28,7,4,37
31,H3-3-2,27,6,3,36
31,H3-3-4,4,19,8,43
31,H3-3-5,18,5,2,27
31,H3-3-7,28,6,4,37
31,H3-3-8,29,10,4,38
31,H3-4-1,27,8,4,36
31,H3-4-2,24,6,2,33
31,H3-4-3,27,11,6,36
31,H3-4-4,27,6,2,36
31,H3-4-5,21,5,2,30
31,H3-4-6,27,7,3,36
31,H3-4-7,24,8,5,33
31,H3-5-1,27,8,4,36
31,H3-5-3,30,6,4,39
31,H3-5-4,21,5,2,30
31,H3-5-5,28,6,4,37
31,H3-5-6,4,9,7,43
31,H3-5-7,21,5,3,30
31,H3-6-1,18,5,3,27
31,H3-6-2,18,5,2,27
31,H3-6-4,23,6,3,32
31,H3-6-5,20,4,3,29
31,H3-6-6,4,9,7,43
31,H3-6-7,1,12,7,40
31,H3-6-8,23,4,3,32
31,H3-7-1,29,8,5,38
31,H3-7-3,28,12,5,37
31,H3-7-4,23,5,2,32
31,H3-7-5,4,11,8,43
31,H3-7-6,18,5,2,27
31,H3-7-7,25,6,4,34
31,H3-8-1,20,7,3,29
31,H3-8-2,20,5,1,29
31,H3-8-4,4,12,6,43
31,H3-8-5,28,8,4,37
31,H3-8-6,29,9,6,38
31,H3-8-7,21,6,3,30
31,H3-9-1,4,15,5,43
31,H3-9-2,25,10,5,34
31,H3-9-3,27,15,8,36
31,H3-9-5,28,6,4,37
31,H3-9-6,30,7,6,39
31,H3-9-7,4,8,5,43
31,H3-10-1,23,5,3,32
31,H3-10-2,25,6,3,34
31,H3-10-3,27,5,2,36
31,H3-10-4,4,19,8,43
31,H3-10-5,25,5,2,34
31,H3-10-7,27,7,2,36
31,H3-10-8,24,6,1,33
31,H3-11-1,1,10,9,40
31,H3-11-2,27,11,5,36
31,H3-11-3,23,6,2,32
31,H3-11-4,27,8,4,36
31,H3-11-5,2,10,5,41
31,H3-11-6,7,17,8,46
31,H3-11-8,23,7,3,32
31,H3-12-1,20,5,2,29
31,H3-12-2,23,6,2,32
31,H3-12-3,23,6,3,32
31,H3-12-4,27,9,5,36
31,H3-12-5,23,5,3,32
31,H3-12-6,25,5,4,34
31,H3-12-7,21,6,2,30
31,H3-12-8,24,9,2,33
31,H3-13-1,22,6,1,31
31,H3-13-2,29,11,7,38
31,H3-13-4,25,6,2,34
31,H3-13-5,18,5,2,27
31,H3-13-6,20,4,2,29
31,H3-13-7,27,4,2,36
31,H3-13-8,22,6,1,31
31,H3-14-1,19,4,2,28
31,H3-14-2,5,10,5,44
31,H3-14-3,30,11,5,39
31,H3-14-6,4,8,6,43
31,H3-14-8,20,5,2,29
31,H3-15-3,8,5,2,47
31,H3-15-4,4,10,3,43
31,H3-15-5,27,4,2,36
31,H3-15-6,27,10,4,36
31,H3-15-7,29,12,6,38
31,H3-15-8,23,5,3,32
32,H4-1-1,20,6,3,29
32,H4-1-3,24,9,5,33
32,H4-1-4,1,11,6,40
32,H4-1-5,21,6,3,30
32,H4-1-6,27,9,5,36
32,H4-1-7,21,5,3,30
32,H4-1-8,27,7,4,36
32,H4-2-2,26,7,4,35
32,H4-2-3,20,4,3,29
32,H4-2-4,26,8,4,35
32,H4-2-5,30,11,5,39
32,H4-2-6,25,5,3,34
32,H4-2-7,29,10,5,38
32,H4-2-8,24,5,2,33
32,H4-3-1,22,4,3,31
32,H4-3-2,27,8,4,36
32,H4-3-3,30,10,6,39
32,H4-3-5,22,6,4,31
32,H4-3-6,24,5,3,33
32,H4-3-7,28,12,5,37
32,H4-4-1,24,4,3,33
32,H4-4-2,1,9,4,40
32,H4-4-3,3,19,8,42
32,H4-4-4,23,7,4,32
32,H4-4-6,22,5,3,31
32,H4-4-7,20,4,2,29
32,H4-5-1,22,5,3,31
32,H4-5-2,27,8,3,36
32,H4-5-3,28,7,3,37
32,H4-5-4,24,6,3,33
32,H4-5-5,18,5,2,27
32,H4-5-6,26,4,3,35
32,H4-5-7,22,6,3,31
32,H4-5-8,30,9,4,39
32,H4-6-1,9,14,7,48
32,H4-6-2,25,8,5,34
32,H4-6-3,30,5,2,39
32,H4-6-4,21,6,2,30
32,H4-6-5,29,8,4,38
32,H4-6-6,27,13,7,36
32,H4-6-7,22,5,2,31
32,H4-6-8,25,5,2,34
32,H4-7-1,25,9,5,34
32,H4-7-2,25,6,3,34
32,H4-7-3,25,6,4,34
32,H4-7-5,27,8,4,36
32,H4-7-6,4,9,4,43
32,H4-7-7,19,5,2,28
32,H4-7-8,22,6,3,31
32,H4-8-1,27,10,5,36
32,H4-8-2,22,8,4,31
32,H4-8-3,17,5,3,26
32,H4-8-4,22,7,3,31
32,H4-8-5,27,9,4,36
32,H4-8-6,24,7,3,33
32,H4-8-7,20,4,1,29
32,H4-8-8,25,7,4,34
32,H4-9-1,26,8,5,35
32,H4-9-2,22,6,2,31
32,H4-9-3,29,12,5,38
32,H4-9-4,23,6,2,32
32,H4-9-5,20,5,3,29
32,H4-9-6,28,12,4,37
32,H4-9-7,20,6,2,29
32,H4-9-8,26,10,4,35
32,H4-10-2,27,8,4,36
32,H4-10-3,26,5,4,35
32,H4-10-4,25,8,4,34
32,H4-10-5,6,13,4,45
32,H4-10-6,21,6,3,30
32,H4-10-8,27,5,3,36
32,H4-11-1,25,6,3,34
32,H4-11-2,9,18,5,48
32,H4-11-3,27,9,3,36
32,H4-11-4,19,5,2,28
32,H4-11-6,23,4,2,32
32,H4-11-7,29,8,5,38
32,H4-12-1,28,8,5,37
32,H4-12-2,21,5,3,30
32,H4-12-3,1,12,5,40
32,H4-12-4,24,5,3,33
32,H4-12-5,22,5,2,31
32,H4-12-7,25,4,2,34
32,H4-12-8,2,12,4,41
32,H4-13-2,30,8,4,39
32,H4-13-3,21,5,2,30
32,H4-13-4,26,9,3,35
32,H4-13-5,23,7,2,32
32,H4-13-6,30,1,6,39
32,H4-13-7,23,4,2,32
32,H4-13-8,26,4,3,35
32,H4-14-1,27,5,4,36
32,H4-14-2,27,8,4,36
32,H4-14-3,26,9,5,35
32,H4-14-4,27,6,2,36
32,H4-14-5,21,6,2,30
32,H4-14-6,20,6,2,29
32,H4-14-7,21,6,4,30
32,H4-14-8,24,8,5,33
32,H4-15-1,27,8,4,36
32,H4-15-2,29,10,4,38
32,H4-15-5,21,5,3,30
32,H4-15-6,19,5,2,28
32,H4-15-7,18,9,5,27
32,H4-15-8,6,10,3,45